# x	y	u	v	flags	mask
2.1757e-01	2.6419e+00	2.5829e+00	-9.3010e-03	0.0000e+00	0.0000e+00
4.3514e-01	2.6419e+00	2.5738e+00	-6.6430e-03	0.0000e+00	0.0000e+00
6.5271e-01	2.6419e+00	2.5876e+00	-1.0288e-02	0.0000e+00	0.0000e+00
8.7029e-01	2.6419e+00	2.5635e+00	-3.2185e-02	0.0000e+00	0.0000e+00
1.0879e+00	2.6419e+00	2.5808e+00	-1.2221e-02	0.0000e+00	0.0000e+00
1.3054e+00	2.6419e+00	2.5672e+00	-4.0118e-03	0.0000e+00	0.0000e+00
1.5230e+00	2.6419e+00	2.5914e+00	-1.4472e-02	0.0000e+00	0.0000e+00
1.7406e+00	2.6419e+00	2.5681e+00	6.2664e-03	0.0000e+00	0.0000e+00
1.9581e+00	2.6419e+00	2.5732e+00	-6.5585e-03	0.0000e+00	0.0000e+00
2.1757e+00	2.6419e+00	2.5879e+00	-8.7872e-03	0.0000e+00	0.0000e+00
2.3933e+00	2.6419e+00	2.5671e+00	3.8718e-03	0.0000e+00	0.0000e+00
2.6109e+00	2.6419e+00	2.5813e+00	2.2804e-02	0.0000e+00	0.0000e+00
2.8284e+00	2.6419e+00	2.5876e+00	2.2514e-03	0.0000e+00	0.0000e+00
3.0460e+00	2.6419e+00	2.5922e+00	3.4928e-03	0.0000e+00	0.0000e+00
3.2636e+00	2.6419e+00	2.6012e+00	-1.2115e-02	0.0000e+00	0.0000e+00
3.4811e+00	2.6419e+00	2.5858e+00	-1.6312e-02	0.0000e+00	0.0000e+00
2.1757e-01	2.4244e+00	2.5935e+00	-9.2652e-03	0.0000e+00	0.0000e+00
4.3514e-01	2.4244e+00	2.5902e+00	-2.0141e-02	0.0000e+00	0.0000e+00
6.5271e-01	2.4244e+00	2.5796e+00	-6.5410e-03	0.0000e+00	0.0000e+00
8.7029e-01	2.4244e+00	2.5755e+00	7.4668e-03	0.0000e+00	0.0000e+00
1.0879e+00	2.4244e+00	2.5788e+00	-1.2442e-02	0.0000e+00	0.0000e+00
1.3054e+00	2.4244e+00	2.5705e+00	-3.1498e-02	0.0000e+00	0.0000e+00
1.5230e+00	2.4244e+00	2.5913e+00	4.1647e-03	0.0000e+00	0.0000e+00
1.7406e+00	2.4244e+00	2.5790e+00	-1.5416e-03	0.0000e+00	0.0000e+00
1.9581e+00	2.4244e+00	2.5784e+00	-1.0349e-02	0.0000e+00	0.0000e+00
2.1757e+00	2.4244e+00	2.5906e+00	-1.0931e-02	0.0000e+00	0.0000e+00
2.3933e+00	2.4244e+00	2.5802e+00	-1.5649e-02	0.0000e+00	0.0000e+00
2.6109e+00	2.4244e+00	2.5762e+00	2.2487e-02	0.0000e+00	0.0000e+00
2.8284e+00	2.4244e+00	2.5869e+00	2.3795e-02	0.0000e+00	0.0000e+00
3.0460e+00	2.4244e+00	2.5937e+00	6.3482e-03	0.0000e+00	0.0000e+00
3.2636e+00	2.4244e+00	2.5779e+00	-1.3028e-02	0.0000e+00	0.0000e+00
3.4811e+00	2.4244e+00	2.5798e+00	-2.5284e-02	0.0000e+00	0.0000e+00
2.1757e-01	2.2068e+00	2.5884e+00	2.1964e-04	0.0000e+00	0.0000e+00
4.3514e-01	2.2068e+00	2.5842e+00	-8.4499e-03	0.0000e+00	0.0000e+00
6.5271e-01	2.2068e+00	2.5901e+00	-1.6301e-02	0.0000e+00	0.0000e+00
8.7029e-01	2.2068e+00	2.5789e+00	4.6672e-03	0.0000e+00	0.0000e+00
1.0879e+00	2.2068e+00	2.5779e+00	1.2441e-02	0.0000e+00	0.0000e+00
1.3054e+00	2.2068e+00	2.5831e+00	5.3041e-03	0.0000e+00	0.0000e+00
1.5230e+00	2.2068e+00	2.5916e+00	6.3211e-03	0.0000e+00	0.0000e+00
1.7406e+00	2.2068e+00	2.5812e+00	1.0091e-02	0.0000e+00	0.0000e+00
1.9581e+00	2.2068e+00	2.5802e+00	6.6309e-03	0.0000e+00	0.0000e+00
2.1757e+00	2.2068e+00	2.5653e+00	4.1861e-03	0.0000e+00	0.0000e+00
2.3933e+00	2.2068e+00	2.5825e+00	1.4660e-02	0.0000e+00	0.0000e+00
2.6109e+00	2.2068e+00	2.5639e+00	2.3621e-02	0.0000e+00	0.0000e+00
2.8284e+00	2.2068e+00	2.5713e+00	-5.3195e-04	0.0000e+00	0.0000e+00
3.0460e+00	2.2068e+00	2.5984e+00	1.2262e-02	0.0000e+00	0.0000e+00
3.2636e+00	2.2068e+00	2.5845e+00	3.8076e-03	0.0000e+00	0.0000e+00
3.4811e+00	2.2068e+00	2.5863e+00	2.6163e-03	0.0000e+00	0.0000e+00
2.1757e-01	1.9892e+00	2.5765e+00	-3.2783e-03	0.0000e+00	0.0000e+00
4.3514e-01	1.9892e+00	2.5749e+00	-5.4011e-03	0.0000e+00	0.0000e+00
6.5271e-01	1.9892e+00	2.5566e+00	1.4781e-02	0.0000e+00	0.0000e+00
8.7029e-01	1.9892e+00	2.5834e+00	-7.6696e-04	0.0000e+00	0.0000e+00
1.0879e+00	1.9892e+00	2.5785e+00	1.3288e-02	0.0000e+00	0.0000e+00
1.3054e+00	1.9892e+00	2.5532e+00	-1.3397e-03	0.0000e+00	0.0000e+00
1.5230e+00	1.9892e+00	2.5907e+00	-7.7792e-03	0.0000e+00	0.0000e+00
1.7406e+00	1.9892e+00	2.5855e+00	1.7383e-03	0.0000e+00	0.0000e+00
1.9581e+00	1.9892e+00	2.5899e+00	-2.8289e-03	0.0000e+00	0.0000e+00
2.1757e+00	1.9892e+00	2.5773e+00	-4.6961e-03	0.0000e+00	0.0000e+00
2.3933e+00	1.9892e+00	2.5761e+00	4.3825e-03	0.0000e+00	0.0000e+00
2.6109e+00	1.9892e+00	2.5882e+00	-2.6789e-02	0.0000e+00	0.0000e+00
2.8284e+00	1.9892e+00	2.5840e+00	-4.5713e-03	0.0000e+00	0.0000e+00
3.0460e+00	1.9892e+00	2.5547e+00	2.0106e-02	0.0000e+00	0.0000e+00
3.2636e+00	1.9892e+00	2.5673e+00	1.0432e-02	0.0000e+00	0.0000e+00
3.4811e+00	1.9892e+00	2.5775e+00	1.6308e-03	0.0000e+00	0.0000e+00
2.1757e-01	1.7717e+00	2.5904e+00	-2.4932e-03	0.0000e+00	0.0000e+00
4.3514e-01	1.7717e+00	2.5909e+00	2.0638e-02	0.0000e+00	0.0000e+00
6.5271e-01	1.7717e+00	2.5790e+00	1.4493e-02	0.0000e+00	0.0000e+00
8.7029e-01	1.7717e+00	2.5808e+00	-5.0859e-03	0.0000e+00	0.0000e+00
1.0879e+00	1.7717e+00	2.5718e+00	9.7085e-05	0.0000e+00	0.0000e+00
1.3054e+00	1.7717e+00	2.5751e+00	7.7755e-03	0.0000e+00	0.0000e+00
1.5230e+00	1.7717e+00	2.5919e+00	8.6880e-03	0.0000e+00	0.0000e+00
1.7406e+00	1.7717e+00	2.5880e+00	8.1862e-03	0.0000e+00	0.0000e+00
1.9581e+00	1.7717e+00	2.5814e+00	1.0472e-02	0.0000e+00	0.0000e+00
2.1757e+00	1.7717e+00	2.5739e+00	1.6717e-03	0.0000e+00	0.0000e+00
2.3933e+00	1.7717e+00	2.5763e+00	-3.7568e-03	0.0000e+00	0.0000e+00
2.6109e+00	1.7717e+00	2.5901e+00	-9.5817e-03	0.0000e+00	0.0000e+00
2.8284e+00	1.7717e+00	2.5831e+00	-1.6143e-02	0.0000e+00	0.0000e+00
3.0460e+00	1.7717e+00	2.5640e+00	4.2342e-04	0.0000e+00	0.0000e+00
3.2636e+00	1.7717e+00	2.5600e+00	2.3083e-03	0.0000e+00	0.0000e+00
3.4811e+00	1.7717e+00	2.5811e+00	6.1404e-03	0.0000e+00	0.0000e+00
2.1757e-01	1.5541e+00	2.5744e+00	-2.5905e-05	0.0000e+00	0.0000e+00
4.3514e-01	1.5541e+00	2.5935e+00	2.0127e-02	0.0000e+00	0.0000e+00
6.5271e-01	1.5541e+00	2.6185e+00	1.5217e-02	0.0000e+00	0.0000e+00
8.7029e-01	1.5541e+00	2.5825e+00	-6.2174e-03	0.0000e+00	0.0000e+00
1.0879e+00	1.5541e+00	2.5708e+00	-2.8760e-03	0.0000e+00	0.0000e+00
1.3054e+00	1.5541e+00	2.5894e+00	2.4701e-03	0.0000e+00	0.0000e+00
1.5230e+00	1.5541e+00	2.5910e+00	1.5085e-03	0.0000e+00	0.0000e+00
1.7406e+00	1.5541e+00	2.5734e+00	4.3447e-03	0.0000e+00	0.0000e+00
1.9581e+00	1.5541e+00	2.5568e+00	-4.6376e-03	0.0000e+00	0.0000e+00
2.1757e+00	1.5541e+00	2.5721e+00	-2.5811e-03	0.0000e+00	0.0000e+00
2.3933e+00	1.5541e+00	2.5958e+00	-3.6951e-03	0.0000e+00	0.0000e+00
2.6109e+00	1.5541e+00	2.5866e+00	-1.3701e-02	0.0000e+00	0.0000e+00
2.8284e+00	1.5541e+00	2.5860e+00	2.2129e-03	0.0000e+00	0.0000e+00
3.0460e+00	1.5541e+00	2.5636e+00	-1.2229e-03	0.0000e+00	0.0000e+00
3.2636e+00	1.5541e+00	2.5715e+00	5.1378e-03	0.0000e+00	0.0000e+00
3.4811e+00	1.5541e+00	2.5722e+00	2.3613e-03	0.0000e+00	0.0000e+00
2.1757e-01	1.3365e+00	2.5695e+00	-2.0881e-02	0.0000e+00	0.0000e+00
4.3514e-01	1.3365e+00	2.5958e+00	-2.9177e-02	0.0000e+00	0.0000e+00
6.5271e-01	1.3365e+00	2.5821e+00	-1.4526e-02	0.0000e+00	0.0000e+00
8.7029e-01	1.3365e+00	2.5722e+00	-1.3705e-02	0.0000e+00	0.0000e+00
1.0879e+00	1.3365e+00	2.5698e+00	-1.7298e-04	0.0000e+00	0.0000e+00
1.3054e+00	1.3365e+00	2.5789e+00	9.8176e-03	0.0000e+00	0.0000e+00
1.5230e+00	1.3365e+00	2.5921e+00	-6.1359e-04	0.0000e+00	0.0000e+00
1.7406e+00	1.3365e+00	2.5613e+00	1.0149e-02	0.0000e+00	0.0000e+00
1.9581e+00	1.3365e+00	2.5877e+00	-9.1815e-03	0.0000e+00	0.0000e+00
2.1757e+00	1.3365e+00	2.5823e+00	-1.2391e-02	0.0000e+00	0.0000e+00
2.3933e+00	1.3365e+00	2.5903e+00	-4.3052e-03	0.0000e+00	0.0000e+00
2.6109e+00	1.3365e+00	2.5866e+00	-1.8308e-02	0.0000e+00	0.0000e+00
2.8284e+00	1.3365e+00	2.5954e+00	-4.9562e-03	0.0000e+00	0.0000e+00
3.0460e+00	1.3365e+00	2.5703e+00	-2.6979e-03	0.0000e+00	0.0000e+00
3.2636e+00	1.3365e+00	2.5789e+00	-6.7997e-03	0.0000e+00	0.0000e+00
3.4811e+00	1.3365e+00	2.5720e+00	-1.2438e-02	0.0000e+00	0.0000e+00
2.1757e-01	1.1189e+00	2.5506e+00	-2.2373e-02	0.0000e+00	0.0000e+00
4.3514e-01	1.1189e+00	2.5831e+00	-1.1843e-02	0.0000e+00	0.0000e+00
6.5271e-01	1.1189e+00	2.5791e+00	-1.7526e-02	0.0000e+00	0.0000e+00
8.7029e-01	1.1189e+00	2.5802e+00	-7.7287e-03	0.0000e+00	0.0000e+00
1.0879e+00	1.1189e+00	2.5825e+00	-1.9418e-02	0.0000e+00	0.0000e+00
1.3054e+00	1.1189e+00	2.5867e+00	2.4158e-02	0.0000e+00	0.0000e+00
1.5230e+00	1.1189e+00	2.5731e+00	-4.6472e-03	0.0000e+00	0.0000e+00
1.7406e+00	1.1189e+00	2.5833e+00	-3.5674e-02	0.0000e+00	0.0000e+00
1.9581e+00	1.1189e+00	2.5741e+00	-4.3416e-03	0.0000e+00	0.0000e+00
2.1757e+00	1.1189e+00	2.5860e+00	8.1377e-03	0.0000e+00	0.0000e+00
2.3933e+00	1.1189e+00	2.5809e+00	3.6893e-03	0.0000e+00	0.0000e+00
2.6109e+00	1.1189e+00	2.5892e+00	3.7921e-03	0.0000e+00	0.0000e+00
2.8284e+00	1.1189e+00	2.5708e+00	-2.4592e-03	0.0000e+00	0.0000e+00
3.0460e+00	1.1189e+00	2.5907e+00	1.0845e-03	0.0000e+00	0.0000e+00
3.2636e+00	1.1189e+00	2.5780e+00	-6.2249e-03	0.0000e+00	0.0000e+00
3.4811e+00	1.1189e+00	2.5818e+00	-1.8729e-02	0.0000e+00	0.0000e+00
2.1757e-01	9.0137e-01	2.5634e+00	-4.2550e-03	0.0000e+00	0.0000e+00
4.3514e-01	9.0137e-01	2.5877e+00	-4.0083e-03	0.0000e+00	0.0000e+00
6.5271e-01	9.0137e-01	2.5728e+00	-3.0659e-02	0.0000e+00	0.0000e+00
8.7029e-01	9.0137e-01	2.5793e+00	-5.7845e-03	0.0000e+00	0.0000e+00
1.0879e+00	9.0137e-01	2.5911e+00	-2.2949e-04	0.0000e+00	0.0000e+00
1.3054e+00	9.0137e-01	2.5790e+00	1.1009e-02	0.0000e+00	0.0000e+00
1.5230e+00	9.0137e-01	2.5671e+00	8.1896e-03	0.0000e+00	0.0000e+00
1.7406e+00	9.0137e-01	2.5682e+00	-3.3755e-03	0.0000e+00	0.0000e+00
1.9581e+00	9.0137e-01	2.5711e+00	2.1228e-04	0.0000e+00	0.0000e+00
2.1757e+00	9.0137e-01	2.5855e+00	-1.8143e-03	0.0000e+00	0.0000e+00
2.3933e+00	9.0137e-01	2.5764e+00	-1.8252e-03	0.0000e+00	0.0000e+00
2.6109e+00	9.0137e-01	2.5757e+00	8.6532e-03	0.0000e+00	0.0000e+00
2.8284e+00	9.0137e-01	2.5600e+00	-6.2023e-03	0.0000e+00	0.0000e+00
3.0460e+00	9.0137e-01	2.5906e+00	2.4169e-03	0.0000e+00	0.0000e+00
3.2636e+00	9.0137e-01	2.5670e+00	2.5376e-03	0.0000e+00	0.0000e+00
3.4811e+00	9.0137e-01	2.5876e+00	5.5889e-03	0.0000e+00	0.0000e+00
2.1757e-01	6.8380e-01	2.5737e+00	1.1157e-02	0.0000e+00	0.0000e+00
4.3514e-01	6.8380e-01	2.5851e+00	-6.6057e-03	0.0000e+00	0.0000e+00
6.5271e-01	6.8380e-01	2.5799e+00	-2.6620e-03	0.0000e+00	0.0000e+00
8.7029e-01	6.8380e-01	2.5704e+00	-8.0647e-03	0.0000e+00	0.0000e+00
1.0879e+00	6.8380e-01	2.5929e+00	1.8055e-03	0.0000e+00	0.0000e+00
1.3054e+00	6.8380e-01	2.5700e+00	9.1361e-03	0.0000e+00	0.0000e+00
1.5230e+00	6.8380e-01	2.5805e+00	-1.1196e-02	0.0000e+00	0.0000e+00
1.7406e+00	6.8380e-01	2.5793e+00	-2.0842e-04	0.0000e+00	0.0000e+00
1.9581e+00	6.8380e-01	2.6085e+00	1.4832e-02	0.0000e+00	0.0000e+00
2.1757e+00	6.8380e-01	2.5839e+00	1.1990e-02	0.0000e+00	0.0000e+00
2.3933e+00	6.8380e-01	2.5762e+00	-1.3419e-02	0.0000e+00	0.0000e+00
2.6109e+00	6.8380e-01	2.5783e+00	-1.8783e-02	0.0000e+00	0.0000e+00
2.8284e+00	6.8380e-01	2.5734e+00	3.7251e-02	0.0000e+00	0.0000e+00
3.0460e+00	6.8380e-01	2.5742e+00	1.5776e-02	0.0000e+00	0.0000e+00
3.2636e+00	6.8380e-01	2.5640e+00	3.0510e-03	0.0000e+00	0.0000e+00
3.4811e+00	6.8380e-01	2.5799e+00	8.6734e-03	0.0000e+00	0.0000e+00
2.1757e-01	4.6622e-01	2.5813e+00	5.1439e-03	0.0000e+00	0.0000e+00
4.3514e-01	4.6622e-01	2.6006e+00	-3.9062e-02	0.0000e+00	0.0000e+00
6.5271e-01	4.6622e-01	2.5884e+00	-4.7613e-03	0.0000e+00	0.0000e+00
8.7029e-01	4.6622e-01	2.5688e+00	1.8390e-03	0.0000e+00	0.0000e+00
1.0879e+00	4.6622e-01	2.5898e+00	1.3594e-02	0.0000e+00	0.0000e+00
1.3054e+00	4.6622e-01	2.5758e+00	-1.4524e-02	0.0000e+00	0.0000e+00
1.5230e+00	4.6622e-01	2.5807e+00	-2.5802e-02	0.0000e+00	0.0000e+00
1.7406e+00	4.6622e-01	2.5889e+00	-6.8897e-03	0.0000e+00	0.0000e+00
1.9581e+00	4.6622e-01	2.5849e+00	-6.5292e-03	0.0000e+00	0.0000e+00
2.1757e+00	4.6622e-01	2.5812e+00	-5.7067e-03	0.0000e+00	0.0000e+00
2.3933e+00	4.6622e-01	2.5761e+00	5.1141e-03	0.0000e+00	0.0000e+00
2.6109e+00	4.6622e-01	2.5844e+00	-9.2668e-03	0.0000e+00	0.0000e+00
2.8284e+00	4.6622e-01	2.5772e+00	-2.9231e-02	0.0000e+00	0.0000e+00
3.0460e+00	4.6622e-01	2.5836e+00	-9.2956e-03	0.0000e+00	0.0000e+00
3.2636e+00	4.6622e-01	2.5770e+00	-8.2900e-03	0.0000e+00	0.0000e+00
3.4811e+00	4.6622e-01	2.5820e+00	-3.6902e-03	0.0000e+00	0.0000e+00
2.1757e-01	2.4865e-01	2.5731e+00	-3.4358e-03	0.0000e+00	0.0000e+00
4.3514e-01	2.4865e-01	2.5858e+00	-6.0634e-03	0.0000e+00	0.0000e+00
6.5271e-01	2.4865e-01	2.5732e+00	-6.4932e-03	0.0000e+00	0.0000e+00
8.7029e-01	2.4865e-01	2.5857e+00	1.2554e-02	0.0000e+00	0.0000e+00
1.0879e+00	2.4865e-01	2.5858e+00	-2.5066e-03	0.0000e+00	0.0000e+00
1.3054e+00	2.4865e-01	2.5860e+00	5.6806e-03	0.0000e+00	0.0000e+00
1.5230e+00	2.4865e-01	2.5808e+00	-5.6969e-04	0.0000e+00	0.0000e+00
1.7406e+00	2.4865e-01	2.5770e+00	-1.1754e-03	0.0000e+00	0.0000e+00
1.9581e+00	2.4865e-01	2.5788e+00	-4.4298e-03	0.0000e+00	0.0000e+00
2.1757e+00	2.4865e-01	2.5692e+00	6.1973e-04	0.0000e+00	0.0000e+00
2.3933e+00	2.4865e-01	2.5832e+00	-1.0464e-02	0.0000e+00	0.0000e+00
2.6109e+00	2.4865e-01	2.5926e+00	8.7919e-03	0.0000e+00	0.0000e+00
2.8284e+00	2.4865e-01	2.5815e+00	1.0913e-02	0.0000e+00	0.0000e+00
3.0460e+00	2.4865e-01	2.5805e+00	-2.8742e-03	0.0000e+00	0.0000e+00
3.2636e+00	2.4865e-01	2.5848e+00	-1.4440e-02	0.0000e+00	0.0000e+00
3.4811e+00	2.4865e-01	2.5851e+00	-1.3213e-02	0.0000e+00	0.0000e+00
