# x	y	u	v	flags	mask
2.5901e-01	6.7551e+00	-5.0351e-02	-9.4925e-03	1.0000e+00	0.0000e+00
4.7659e-01	6.7551e+00	-3.5029e-02	1.4908e-02	0.0000e+00	0.0000e+00
6.9416e-01	6.7551e+00	-3.9540e-02	2.7641e-02	0.0000e+00	0.0000e+00
9.1173e-01	6.7551e+00	-1.4299e-02	1.2972e-02	0.0000e+00	0.0000e+00
1.1293e+00	6.7551e+00	-5.6427e-02	8.5630e-03	0.0000e+00	0.0000e+00
1.3469e+00	6.7551e+00	-1.1131e-01	-5.6616e-03	0.0000e+00	0.0000e+00
1.5644e+00	6.7551e+00	-4.6388e+00	5.1537e+00	0.0000e+00	0.0000e+00
1.7820e+00	6.7551e+00	-1.5896e-01	2.6610e-02	0.0000e+00	0.0000e+00
1.9996e+00	6.7551e+00	-1.5754e-01	1.3399e-02	0.0000e+00	0.0000e+00
2.2172e+00	6.7551e+00	-1.6997e-01	3.9624e-02	0.0000e+00	0.0000e+00
2.4347e+00	6.7551e+00	-1.5218e-01	2.0795e-02	0.0000e+00	0.0000e+00
2.6523e+00	6.7551e+00	-1.1028e-01	-2.5980e-02	0.0000e+00	0.0000e+00
2.8699e+00	6.7551e+00	-1.0868e-01	-2.2796e-02	0.0000e+00	0.0000e+00
3.0874e+00	6.7551e+00	-1.1921e-01	-9.4785e-04	0.0000e+00	0.0000e+00
3.3050e+00	6.7551e+00	-7.9407e-02	5.4071e-03	0.0000e+00	0.0000e+00
3.5226e+00	6.7551e+00	-6.6324e-02	6.4601e-02	0.0000e+00	0.0000e+00
3.7402e+00	6.7551e+00	-5.2202e-02	8.2012e-02	0.0000e+00	0.0000e+00
3.9577e+00	6.7551e+00	-8.4711e-02	4.5292e-02	0.0000e+00	0.0000e+00
4.1753e+00	6.7551e+00	-4.4689e-02	7.0230e-02	0.0000e+00	0.0000e+00
4.3929e+00	6.7551e+00	-7.5848e-02	1.4208e-01	0.0000e+00	0.0000e+00
4.6104e+00	6.7551e+00	-1.3173e-01	1.2390e-01	0.0000e+00	0.0000e+00
4.8280e+00	6.7551e+00	-2.5955e-01	3.3073e-02	0.0000e+00	0.0000e+00
5.0456e+00	6.7551e+00	-3.9098e-01	-1.5242e-01	0.0000e+00	0.0000e+00
5.2632e+00	6.7551e+00	-4.9020e-01	-6.5571e-01	0.0000e+00	0.0000e+00
5.4807e+00	6.7551e+00	-6.2077e-01	-2.2309e+00	0.0000e+00	0.0000e+00
5.6983e+00	6.7551e+00	-5.6179e-01	-3.4217e+00	0.0000e+00	0.0000e+00
5.9159e+00	6.7551e+00	-6.0655e-01	-3.2504e+00	0.0000e+00	0.0000e+00
2.5901e-01	6.5375e+00	2.0856e-02	-7.1404e-03	0.0000e+00	0.0000e+00
4.7659e-01	6.5375e+00	-3.2973e-02	-1.7073e-02	0.0000e+00	0.0000e+00
6.9416e-01	6.5375e+00	-9.6853e-02	-2.7864e-03	0.0000e+00	0.0000e+00
9.1173e-01	6.5375e+00	-7.0835e-02	3.0411e-03	0.0000e+00	0.0000e+00
1.1293e+00	6.5375e+00	-1.0808e-01	-4.7425e-03	0.0000e+00	0.0000e+00
1.3469e+00	6.5375e+00	-1.1599e-01	-3.4642e-02	0.0000e+00	0.0000e+00
1.5644e+00	6.5375e+00	-2.9155e-01	1.7698e-01	1.0000e+00	0.0000e+00
1.7820e+00	6.5375e+00	-3.4256e-01	1.7452e-01	1.0000e+00	0.0000e+00
1.9996e+00	6.5375e+00	-1.7194e-01	4.9400e-02	0.0000e+00	0.0000e+00
2.2172e+00	6.5375e+00	-1.5195e-01	4.4182e-02	0.0000e+00	0.0000e+00
2.4347e+00	6.5375e+00	-1.7974e-01	3.2111e-02	0.0000e+00	0.0000e+00
2.6523e+00	6.5375e+00	-1.2926e-01	7.9042e-03	0.0000e+00	0.0000e+00
2.8699e+00	6.5375e+00	-1.3443e-01	-1.2247e-02	0.0000e+00	0.0000e+00
3.0874e+00	6.5375e+00	-1.3794e-01	2.3916e-02	0.0000e+00	0.0000e+00
3.3050e+00	6.5375e+00	-1.1378e-01	1.0784e-02	0.0000e+00	0.0000e+00
3.5226e+00	6.5375e+00	-9.0056e-02	3.7330e-02	0.0000e+00	0.0000e+00
3.7402e+00	6.5375e+00	-9.1457e-02	6.5782e-02	0.0000e+00	0.0000e+00
3.9577e+00	6.5375e+00	-8.1039e-02	8.7191e-02	0.0000e+00	0.0000e+00
4.1753e+00	6.5375e+00	-7.1362e-02	7.9534e-02	0.0000e+00	0.0000e+00
4.3929e+00	6.5375e+00	-1.8253e-01	1.4043e-01	0.0000e+00	0.0000e+00
4.6104e+00	6.5375e+00	-9.5238e-02	2.3296e-02	0.0000e+00	0.0000e+00
4.8280e+00	6.5375e+00	-9.6480e-02	1.0146e-02	0.0000e+00	0.0000e+00
5.0456e+00	6.5375e+00	-8.8098e-01	-8.6356e-01	1.0000e+00	0.0000e+00
5.2632e+00	6.5375e+00	-6.2771e-01	-9.6027e-01	0.0000e+00	0.0000e+00
5.4807e+00	6.5375e+00	1.4520e+00	-1.7076e+00	0.0000e+00	0.0000e+00
5.6983e+00	6.5375e+00	-1.1078e+00	-3.0839e+00	0.0000e+00	0.0000e+00
5.9159e+00	6.5375e+00	-4.8067e-01	-2.7621e+00	0.0000e+00	0.0000e+00
2.5901e-01	6.3199e+00	-4.5444e-03	-4.1530e-02	0.0000e+00	0.0000e+00
4.7659e-01	6.3199e+00	-6.6009e-02	-7.0850e-02	0.0000e+00	0.0000e+00
6.9416e-01	6.3199e+00	-8.7202e-02	1.3895e-02	0.0000e+00	0.0000e+00
9.1173e-01	6.3199e+00	-1.0130e-01	1.8178e-02	0.0000e+00	0.0000e+00
1.1293e+00	6.3199e+00	-1.0067e-01	1.2759e-02	0.0000e+00	0.0000e+00
1.3469e+00	6.3199e+00	-3.1372e-01	1.2554e-01	1.0000e+00	0.0000e+00
1.5644e+00	6.3199e+00	-1.7984e-01	3.9365e-03	0.0000e+00	0.0000e+00
1.7820e+00	6.3199e+00	-1.9183e-01	-1.6726e-03	0.0000e+00	0.0000e+00
1.9996e+00	6.3199e+00	-2.3001e-01	5.4672e-02	0.0000e+00	0.0000e+00
2.2172e+00	6.3199e+00	-2.0301e-01	7.0843e-02	0.0000e+00	0.0000e+00
2.4347e+00	6.3199e+00	-2.0171e-01	6.2023e-02	0.0000e+00	0.0000e+00
2.6523e+00	6.3199e+00	-1.5953e-01	-4.2471e-03	0.0000e+00	0.0000e+00
2.8699e+00	6.3199e+00	-1.2210e-01	-1.0617e-02	0.0000e+00	0.0000e+00
3.0874e+00	6.3199e+00	-1.0133e-01	-2.1800e-03	0.0000e+00	0.0000e+00
3.3050e+00	6.3199e+00	-5.9031e-02	2.8881e-02	0.0000e+00	0.0000e+00
3.5226e+00	6.3199e+00	-7.7958e-02	4.3522e-02	0.0000e+00	0.0000e+00
3.7402e+00	6.3199e+00	-9.9072e-02	5.4774e-02	0.0000e+00	0.0000e+00
3.9577e+00	6.3199e+00	-1.8336e-01	7.2877e-02	0.0000e+00	0.0000e+00
4.1753e+00	6.3199e+00	-1.7650e-01	9.0299e-02	0.0000e+00	0.0000e+00
4.3929e+00	6.3199e+00	-1.6492e-01	1.7343e-01	0.0000e+00	0.0000e+00
4.6104e+00	6.3199e+00	-1.0229e-01	1.0352e-01	0.0000e+00	0.0000e+00
4.8280e+00	6.3199e+00	-1.0505e-01	1.1216e-01	0.0000e+00	0.0000e+00
5.0456e+00	6.3199e+00	3.1623e+00	1.5753e-01	0.0000e+00	0.0000e+00
5.2632e+00	6.3199e+00	-9.4537e+00	8.2925e+00	0.0000e+00	0.0000e+00
5.4807e+00	6.3199e+00	-1.1869e+00	-1.4150e+00	1.0000e+00	0.0000e+00
5.6983e+00	6.3199e+00	-1.6283e+00	-2.6708e+00	0.0000e+00	0.0000e+00
5.9159e+00	6.3199e+00	-6.3124e-01	-2.1741e+00	0.0000e+00	0.0000e+00
2.5901e-01	6.1024e+00	-1.9321e-02	-6.2573e-02	0.0000e+00	0.0000e+00
4.7659e-01	6.1024e+00	-3.3538e-02	-3.7514e-02	0.0000e+00	0.0000e+00
6.9416e-01	6.1024e+00	-5.4932e-02	-3.5042e-03	0.0000e+00	0.0000e+00
9.1173e-01	6.1024e+00	-1.1974e-01	9.9486e-03	0.0000e+00	0.0000e+00
1.1293e+00	6.1024e+00	-1.3445e-01	1.9560e-02	0.0000e+00	0.0000e+00
1.3469e+00	6.1024e+00	-9.3763e-02	2.1044e-02	0.0000e+00	0.0000e+00
1.5644e+00	6.1024e+00	-1.4503e-01	3.6652e-02	0.0000e+00	0.0000e+00
1.7820e+00	6.1024e+00	-2.2674e-01	-2.0498e-02	0.0000e+00	0.0000e+00
1.9996e+00	6.1024e+00	-2.2723e-01	3.8940e-02	0.0000e+00	0.0000e+00
2.2172e+00	6.1024e+00	-2.3884e-01	1.8607e-02	0.0000e+00	0.0000e+00
2.4347e+00	6.1024e+00	-1.8690e-01	1.0308e-03	0.0000e+00	0.0000e+00
2.6523e+00	6.1024e+00	-1.0646e-01	-4.5738e-03	0.0000e+00	0.0000e+00
2.8699e+00	6.1024e+00	-1.2801e-01	-2.6489e-04	0.0000e+00	0.0000e+00
3.0874e+00	6.1024e+00	-1.3344e-01	1.5327e-02	0.0000e+00	0.0000e+00
3.3050e+00	6.1024e+00	-1.6604e-01	2.5841e-02	0.0000e+00	0.0000e+00
3.5226e+00	6.1024e+00	-1.8637e-01	6.2793e-02	0.0000e+00	0.0000e+00
3.7402e+00	6.1024e+00	-2.3210e-01	8.1490e-02	0.0000e+00	0.0000e+00
3.9577e+00	6.1024e+00	-3.2036e-01	2.1743e-02	0.0000e+00	0.0000e+00
4.1753e+00	6.1024e+00	-2.4978e-01	8.4941e-02	0.0000e+00	0.0000e+00
4.3929e+00	6.1024e+00	-4.0483e-01	5.1296e-02	0.0000e+00	0.0000e+00
4.6104e+00	6.1024e+00	-3.3114e-01	-2.4727e-01	0.0000e+00	0.0000e+00
4.8280e+00	6.1024e+00	-4.0307e-01	-3.2432e-01	0.0000e+00	0.0000e+00
5.0456e+00	6.1024e+00	2.4654e+00	-3.7088e+00	0.0000e+00	0.0000e+00
5.2632e+00	6.1024e+00	-2.5077e+00	-2.6791e+00	0.0000e+00	0.0000e+00
5.4807e+00	6.1024e+00	-1.2793e+00	-1.3800e+00	1.0000e+00	0.0000e+00
5.6983e+00	6.1024e+00	-1.8038e+00	-2.5440e+00	0.0000e+00	0.0000e+00
5.9159e+00	6.1024e+00	-1.5683e+00	-1.5528e+00	1.0000e+00	0.0000e+00
2.5901e-01	5.8848e+00	-4.3484e-02	-2.0363e-03	0.0000e+00	0.0000e+00
4.7659e-01	5.8848e+00	-4.6001e-02	3.8022e-03	0.0000e+00	0.0000e+00
6.9416e-01	5.8848e+00	-8.8755e-02	9.3450e-03	0.0000e+00	0.0000e+00
9.1173e-01	5.8848e+00	-1.3543e-01	1.3139e-02	0.0000e+00	0.0000e+00
1.1293e+00	5.8848e+00	-1.3576e-01	7.7406e-02	0.0000e+00	0.0000e+00
1.3469e+00	5.8848e+00	-1.1310e-01	5.1600e-02	0.0000e+00	0.0000e+00
1.5644e+00	5.8848e+00	-1.4596e-01	2.6743e-02	0.0000e+00	0.0000e+00
1.7820e+00	5.8848e+00	-1.5918e-01	3.2169e-02	0.0000e+00	0.0000e+00
1.9996e+00	5.8848e+00	-2.4213e-01	2.0223e-02	0.0000e+00	0.0000e+00
2.2172e+00	5.8848e+00	-2.4056e-01	-1.0342e-01	0.0000e+00	0.0000e+00
2.4347e+00	5.8848e+00	-1.5059e+00	-1.4152e-01	1.0000e+00	0.0000e+00
2.6523e+00	5.8848e+00	-1.1513e-01	-2.2277e-02	0.0000e+00	0.0000e+00
2.8699e+00	5.8848e+00	-1.2950e-01	2.1375e-02	0.0000e+00	0.0000e+00
3.0874e+00	5.8848e+00	-1.0511e-01	3.9779e-02	0.0000e+00	0.0000e+00
3.3050e+00	5.8848e+00	-1.6519e-01	9.1523e-02	0.0000e+00	0.0000e+00
3.5226e+00	5.8848e+00	-2.0317e-01	1.0900e-01	0.0000e+00	0.0000e+00
3.7402e+00	5.8848e+00	-2.4616e-01	1.3015e-01	0.0000e+00	0.0000e+00
3.9577e+00	5.8848e+00	-2.5182e-01	1.2743e-01	0.0000e+00	0.0000e+00
4.1753e+00	5.8848e+00	-2.7864e-01	1.8784e-01	0.0000e+00	0.0000e+00
4.3929e+00	5.8848e+00	-8.7872e-01	-3.4083e-01	0.0000e+00	0.0000e+00
4.6104e+00	5.8848e+00	-1.4843e+00	-4.1027e-01	0.0000e+00	0.0000e+00
4.8280e+00	5.8848e+00	-6.9177e-01	-4.1120e-01	0.0000e+00	0.0000e+00
5.0456e+00	5.8848e+00	-2.5129e+00	-2.5910e+00	0.0000e+00	0.0000e+00
5.2632e+00	5.8848e+00	-2.5357e+00	-2.6674e+00	0.0000e+00	0.0000e+00
5.4807e+00	5.8848e+00	-2.5049e+00	-2.5871e+00	0.0000e+00	0.0000e+00
5.6983e+00	5.8848e+00	-2.4349e+00	-2.5456e+00	0.0000e+00	0.0000e+00
5.9159e+00	5.8848e+00	-1.0361e-01	-4.6894e-03	0.0000e+00	0.0000e+00
2.5901e-01	5.6672e+00	-4.7170e-02	2.7983e-02	0.0000e+00	0.0000e+00
4.7659e-01	5.6672e+00	-8.9453e-02	2.4880e-02	0.0000e+00	0.0000e+00
6.9416e-01	5.6672e+00	-8.6791e-02	4.6587e-02	0.0000e+00	0.0000e+00
9.1173e-01	5.6672e+00	-1.2615e-01	6.8325e-02	0.0000e+00	0.0000e+00
1.1293e+00	5.6672e+00	-1.5894e-01	1.1530e-01	0.0000e+00	0.0000e+00
1.3469e+00	5.6672e+00	-1.9285e-01	-2.9957e-02	0.0000e+00	0.0000e+00
1.5644e+00	5.6672e+00	-1.6608e-01	-2.3770e-03	0.0000e+00	0.0000e+00
1.7820e+00	5.6672e+00	-1.6255e-01	3.5900e-02	0.0000e+00	0.0000e+00
1.9996e+00	5.6672e+00	-2.7159e+00	-1.1304e+00	0.0000e+00	0.0000e+00
2.2172e+00	5.6672e+00	-3.5378e+00	-8.8274e-01	0.0000e+00	0.0000e+00
2.4347e+00	5.6672e+00	-5.1825e-01	8.8089e-02	0.0000e+00	0.0000e+00
2.6523e+00	5.6672e+00	-3.7992e+00	-4.9812e-01	0.0000e+00	0.0000e+00
2.8699e+00	5.6672e+00	1.5609e+00	-1.2711e+00	0.0000e+00	0.0000e+00
3.0874e+00	5.6672e+00	-1.9610e+00	-4.4576e-01	0.0000e+00	0.0000e+00
3.3050e+00	5.6672e+00	-9.0488e-01	3.8124e-01	0.0000e+00	0.0000e+00
3.5226e+00	5.6672e+00	-1.7749e+00	-1.5152e-02	1.0000e+00	0.0000e+00
3.7402e+00	5.6672e+00	-9.8176e-01	4.0378e-01	0.0000e+00	0.0000e+00
3.9577e+00	5.6672e+00	-9.4974e-01	-1.0448e-02	0.0000e+00	0.0000e+00
4.1753e+00	5.6672e+00	-1.3367e+00	-1.9979e-01	0.0000e+00	0.0000e+00
4.3929e+00	5.6672e+00	-2.8661e+00	-1.8998e-01	0.0000e+00	0.0000e+00
4.6104e+00	5.6672e+00	-1.4678e+00	-9.6269e-01	0.0000e+00	0.0000e+00
4.8280e+00	5.6672e+00	-2.5113e+00	-1.8185e+00	0.0000e+00	0.0000e+00
5.0456e+00	5.6672e+00	-2.5190e+00	-2.1284e+00	0.0000e+00	0.0000e+00
5.2632e+00	5.6672e+00	-2.4133e+00	-2.3733e+00	0.0000e+00	0.0000e+00
5.4807e+00	5.6672e+00	-2.4568e+00	-2.4901e+00	0.0000e+00	0.0000e+00
5.6983e+00	5.6672e+00	-2.4173e+00	-2.4196e+00	0.0000e+00	0.0000e+00
5.9159e+00	5.6672e+00	-1.0194e-02	2.8438e-02	0.0000e+00	0.0000e+00
2.5901e-01	5.4496e+00	-6.5239e-02	6.8321e-02	0.0000e+00	0.0000e+00
4.7659e-01	5.4496e+00	-9.9765e-02	5.9400e-02	0.0000e+00	0.0000e+00
6.9416e-01	5.4496e+00	-1.0176e-01	-4.0782e-03	0.0000e+00	0.0000e+00
9.1173e-01	5.4496e+00	-3.8208e+00	-6.9273e-01	0.0000e+00	0.0000e+00
1.1293e+00	5.4496e+00	-3.9563e+00	-6.8176e-01	0.0000e+00	0.0000e+00
1.3469e+00	5.4496e+00	-4.0864e+00	-6.5478e-01	0.0000e+00	0.0000e+00
1.5644e+00	5.4496e+00	-4.1569e+00	-6.0312e-01	0.0000e+00	0.0000e+00
1.7820e+00	5.4496e+00	-4.0252e+00	-5.1694e-01	0.0000e+00	0.0000e+00
1.9996e+00	5.4496e+00	-2.6734e+00	-3.0861e-01	1.0000e+00	0.0000e+00
2.2172e+00	5.4496e+00	-4.1696e+00	-4.1711e-01	0.0000e+00	0.0000e+00
2.4347e+00	5.4496e+00	-4.1486e+00	-3.5620e-01	0.0000e+00	0.0000e+00
2.6523e+00	5.4496e+00	-4.0840e+00	-2.8039e-01	0.0000e+00	0.0000e+00
2.8699e+00	5.4496e+00	-4.1413e+00	-1.4181e-01	0.0000e+00	0.0000e+00
3.0874e+00	5.4496e+00	-3.9328e+00	3.3009e-02	0.0000e+00	0.0000e+00
3.3050e+00	5.4496e+00	-3.6102e+00	4.7645e-01	0.0000e+00	0.0000e+00
3.5226e+00	5.4496e+00	-3.1946e+00	3.6401e-01	0.0000e+00	0.0000e+00
3.7402e+00	5.4496e+00	-3.2776e+00	1.9944e-02	0.0000e+00	0.0000e+00
3.9577e+00	5.4496e+00	-2.9960e+00	-5.2067e-01	0.0000e+00	0.0000e+00
4.1753e+00	5.4496e+00	-3.1980e+00	-6.1167e-01	0.0000e+00	0.0000e+00
4.3929e+00	5.4496e+00	-3.9006e+00	-1.1317e+00	0.0000e+00	0.0000e+00
4.6104e+00	5.4496e+00	-3.1575e+00	-5.7519e-01	0.0000e+00	0.0000e+00
4.8280e+00	5.4496e+00	-3.0230e+00	-1.1166e+00	0.0000e+00	0.0000e+00
5.0456e+00	5.4496e+00	-2.0727e+00	-1.7129e+00	0.0000e+00	0.0000e+00
5.2632e+00	5.4496e+00	-1.8098e+00	-1.8884e+00	0.0000e+00	0.0000e+00
5.4807e+00	5.4496e+00	-2.1776e+00	-2.0741e+00	0.0000e+00	0.0000e+00
5.6983e+00	5.4496e+00	-2.0246e+00	-1.0217e+00	0.0000e+00	0.0000e+00
5.9159e+00	5.4496e+00	1.0439e-01	7.9347e-01	0.0000e+00	0.0000e+00
2.5901e-01	5.2321e+00	-3.8290e+00	-9.5004e-01	0.0000e+00	0.0000e+00
4.7659e-01	5.2321e+00	-3.8506e+00	-6.8264e-01	0.0000e+00	0.0000e+00
6.9416e-01	5.2321e+00	-3.8072e+00	-5.7733e-01	0.0000e+00	0.0000e+00
9.1173e-01	5.2321e+00	-4.0072e+00	-6.9066e-01	0.0000e+00	0.0000e+00
1.1293e+00	5.2321e+00	-4.0525e+00	-5.9756e-01	0.0000e+00	0.0000e+00
1.3469e+00	5.2321e+00	-4.1332e+00	-5.7007e-01	0.0000e+00	0.0000e+00
1.5644e+00	5.2321e+00	-4.1499e+00	-5.6650e-01	0.0000e+00	0.0000e+00
1.7820e+00	5.2321e+00	-4.1121e+00	-4.6400e-01	0.0000e+00	0.0000e+00
1.9996e+00	5.2321e+00	-4.1428e+00	-2.8990e-01	0.0000e+00	0.0000e+00
2.2172e+00	5.2321e+00	-4.2296e+00	-2.2779e-01	0.0000e+00	0.0000e+00
2.4347e+00	5.2321e+00	-4.2462e+00	-9.8806e-02	0.0000e+00	0.0000e+00
2.6523e+00	5.2321e+00	-4.1802e+00	-1.5846e-01	0.0000e+00	0.0000e+00
2.8699e+00	5.2321e+00	-4.2136e+00	-4.8443e-02	0.0000e+00	0.0000e+00
3.0874e+00	5.2321e+00	-4.1927e+00	5.1394e-02	0.0000e+00	0.0000e+00
3.3050e+00	5.2321e+00	-4.0258e+00	3.5794e-01	0.0000e+00	0.0000e+00
3.5226e+00	5.2321e+00	-4.1083e+00	3.4016e-01	0.0000e+00	0.0000e+00
3.7402e+00	5.2321e+00	-3.1885e+00	1.3305e-02	0.0000e+00	0.0000e+00
3.9577e+00	5.2321e+00	-3.0612e+00	-1.8312e-01	0.0000e+00	0.0000e+00
4.1753e+00	5.2321e+00	-3.4342e+00	-5.3977e-01	0.0000e+00	0.0000e+00
4.3929e+00	5.2321e+00	-3.7295e+00	-8.0511e-01	0.0000e+00	0.0000e+00
4.6104e+00	5.2321e+00	-3.4940e+00	-1.1099e+00	0.0000e+00	0.0000e+00
4.8280e+00	5.2321e+00	-2.4702e+00	-1.3452e+00	0.0000e+00	0.0000e+00
5.0456e+00	5.2321e+00	-1.2165e+00	-1.4010e+00	0.0000e+00	0.0000e+00
5.2632e+00	5.2321e+00	-1.1944e+00	-1.4287e+00	0.0000e+00	0.0000e+00
5.4807e+00	5.2321e+00	7.0812e-01	-9.2362e-01	0.0000e+00	0.0000e+00
5.6983e+00	5.2321e+00	5.7835e-01	-8.6717e-01	0.0000e+00	0.0000e+00
5.9159e+00	5.2321e+00	7.2664e-02	1.0766e+00	0.0000e+00	0.0000e+00
2.5901e-01	5.0145e+00	-3.2006e+00	2.3341e-02	0.0000e+00	0.0000e+00
4.7659e-01	5.0145e+00	-3.8007e+00	-5.4404e-01	0.0000e+00	0.0000e+00
6.9416e-01	5.0145e+00	-3.8402e+00	-5.7873e-01	0.0000e+00	0.0000e+00
9.1173e-01	5.0145e+00	-4.0265e+00	-7.2834e-01	0.0000e+00	0.0000e+00
1.1293e+00	5.0145e+00	-4.1279e+00	-7.3859e-01	0.0000e+00	0.0000e+00
1.3469e+00	5.0145e+00	-4.1539e+00	-6.8003e-01	0.0000e+00	0.0000e+00
1.5644e+00	5.0145e+00	-4.2145e+00	-6.1268e-01	0.0000e+00	0.0000e+00
1.7820e+00	5.0145e+00	-4.2185e+00	-5.9281e-01	0.0000e+00	0.0000e+00
1.9996e+00	5.0145e+00	-4.2381e+00	-5.2340e-01	0.0000e+00	0.0000e+00
2.2172e+00	5.0145e+00	-4.2978e+00	-3.9977e-01	0.0000e+00	0.0000e+00
2.4347e+00	5.0145e+00	-4.2366e+00	-2.6682e-01	0.0000e+00	0.0000e+00
2.6523e+00	5.0145e+00	-4.3042e+00	-3.9191e-02	0.0000e+00	0.0000e+00
2.8699e+00	5.0145e+00	-4.3003e+00	-4.0813e-02	0.0000e+00	0.0000e+00
3.0874e+00	5.0145e+00	-4.2947e+00	-6.3908e-02	0.0000e+00	0.0000e+00
3.3050e+00	5.0145e+00	-4.2888e+00	8.8436e-02	0.0000e+00	0.0000e+00
3.5226e+00	5.0145e+00	-4.2457e+00	2.1392e-01	0.0000e+00	0.0000e+00
3.7402e+00	5.0145e+00	-2.9692e+00	-1.0451e-01	0.0000e+00	0.0000e+00
3.9577e+00	5.0145e+00	-3.0269e+00	-1.2710e-01	0.0000e+00	0.0000e+00
4.1753e+00	5.0145e+00	-3.3045e+00	-4.3849e-01	0.0000e+00	0.0000e+00
4.3929e+00	5.0145e+00	-3.3335e+00	-4.9897e-01	0.0000e+00	0.0000e+00
4.6104e+00	5.0145e+00	-3.3160e+00	-1.0466e+00	0.0000e+00	0.0000e+00
4.8280e+00	5.0145e+00	-2.6536e+00	-1.1157e+00	0.0000e+00	0.0000e+00
5.0456e+00	5.0145e+00	-8.0967e-01	-7.5067e-01	0.0000e+00	0.0000e+00
5.2632e+00	5.0145e+00	-1.0239e+00	-1.0459e+00	0.0000e+00	0.0000e+00
5.4807e+00	5.0145e+00	8.3158e-01	-5.3970e-01	0.0000e+00	0.0000e+00
5.6983e+00	5.0145e+00	6.9856e-01	-2.7298e-01	0.0000e+00	0.0000e+00
5.9159e+00	5.0145e+00	1.7399e-01	1.2026e-01	0.0000e+00	0.0000e+00
2.5901e-01	4.7969e+00	-3.1169e+00	8.5496e-03	0.0000e+00	0.0000e+00
4.7659e-01	4.7969e+00	-3.2268e+00	-7.6778e-02	0.0000e+00	0.0000e+00
6.9416e-01	4.7969e+00	-3.8737e+00	-5.0256e-01	0.0000e+00	0.0000e+00
9.1173e-01	4.7969e+00	-3.8440e+00	-5.7369e-01	0.0000e+00	0.0000e+00
1.1293e+00	4.7969e+00	-4.1092e+00	-8.0150e-01	0.0000e+00	0.0000e+00
1.3469e+00	4.7969e+00	-4.0510e+00	-8.0960e-01	0.0000e+00	0.0000e+00
1.5644e+00	4.7969e+00	-4.0509e+00	-5.5739e-01	1.0000e+00	0.0000e+00
1.7820e+00	4.7969e+00	-4.2353e+00	-7.2972e-01	0.0000e+00	0.0000e+00
1.9996e+00	4.7969e+00	-4.2779e+00	-6.5114e-01	0.0000e+00	0.0000e+00
2.2172e+00	4.7969e+00	-4.3724e+00	-6.7363e-01	0.0000e+00	0.0000e+00
2.4347e+00	4.7969e+00	-4.4786e+00	-4.3094e-01	0.0000e+00	0.0000e+00
2.6523e+00	4.7969e+00	-4.4687e+00	-1.6539e-01	0.0000e+00	0.0000e+00
2.8699e+00	4.7969e+00	-4.5304e+00	-1.4428e-01	0.0000e+00	0.0000e+00
3.0874e+00	4.7969e+00	-4.4056e+00	-1.1908e-01	0.0000e+00	0.0000e+00
3.3050e+00	4.7969e+00	-4.3392e+00	-1.7423e-02	0.0000e+00	0.0000e+00
3.5226e+00	4.7969e+00	-4.2836e+00	1.9442e-02	0.0000e+00	0.0000e+00
3.7402e+00	4.7969e+00	-3.1657e+00	-4.6012e-01	0.0000e+00	0.0000e+00
3.9577e+00	4.7969e+00	-2.8725e+00	-4.6394e-01	0.0000e+00	0.0000e+00
4.1753e+00	4.7969e+00	-2.9326e+00	-5.4601e-01	0.0000e+00	0.0000e+00
4.3929e+00	4.7969e+00	-3.1510e+00	-5.7845e-01	0.0000e+00	0.0000e+00
4.6104e+00	4.7969e+00	-2.4139e+00	-6.5089e-01	0.0000e+00	0.0000e+00
4.8280e+00	4.7969e+00	-1.1469e-01	1.8286e-02	0.0000e+00	0.0000e+00
5.0456e+00	4.7969e+00	-5.1525e-01	-1.6542e-01	0.0000e+00	0.0000e+00
5.2632e+00	4.7969e+00	4.2873e-02	-3.8782e-01	0.0000e+00	0.0000e+00
5.4807e+00	4.7969e+00	5.6269e-01	-5.2784e-01	0.0000e+00	0.0000e+00
5.6983e+00	4.7969e+00	4.3963e-01	-2.8685e-01	0.0000e+00	0.0000e+00
5.9159e+00	4.7969e+00	2.7357e-01	-7.6411e-02	0.0000e+00	0.0000e+00
2.5901e-01	4.5794e+00	-3.0540e+00	-1.4795e-02	0.0000e+00	0.0000e+00
4.7659e-01	4.5794e+00	-3.1613e+00	-7.1410e-02	0.0000e+00	0.0000e+00
6.9416e-01	4.5794e+00	-3.4543e+00	-2.2494e-01	0.0000e+00	0.0000e+00
9.1173e-01	4.5794e+00	-3.6384e+00	-4.0784e-01	0.0000e+00	0.0000e+00
1.1293e+00	4.5794e+00	-3.8672e+00	-5.0071e-01	0.0000e+00	0.0000e+00
1.3469e+00	4.5794e+00	-3.9375e+00	-7.1344e-01	0.0000e+00	0.0000e+00
1.5644e+00	4.5794e+00	-4.1555e+00	-8.7804e-01	0.0000e+00	0.0000e+00
1.7820e+00	4.5794e+00	-4.3843e+00	-8.7078e-01	0.0000e+00	0.0000e+00
1.9996e+00	4.5794e+00	-4.2462e+00	-4.8416e-01	1.0000e+00	0.0000e+00
2.2172e+00	4.5794e+00	-4.3943e+00	-7.5562e-01	0.0000e+00	0.0000e+00
2.4347e+00	4.5794e+00	-4.5381e+00	-6.3266e-01	0.0000e+00	0.0000e+00
2.6523e+00	4.5794e+00	-4.6473e+00	-3.1858e-01	0.0000e+00	0.0000e+00
2.8699e+00	4.5794e+00	-4.6077e+00	-1.4528e-01	0.0000e+00	0.0000e+00
3.0874e+00	4.5794e+00	-4.5673e+00	-3.2837e-02	0.0000e+00	0.0000e+00
3.3050e+00	4.5794e+00	-4.3956e+00	-2.4808e-01	0.0000e+00	0.0000e+00
3.5226e+00	4.5794e+00	-3.0804e+00	-6.1545e-01	0.0000e+00	0.0000e+00
3.7402e+00	4.5794e+00	-2.9997e+00	-5.8736e-01	0.0000e+00	0.0000e+00
3.9577e+00	4.5794e+00	-2.7910e+00	-5.3188e-01	0.0000e+00	0.0000e+00
4.1753e+00	4.5794e+00	-2.7401e+00	-5.3527e-01	0.0000e+00	0.0000e+00
4.3929e+00	4.5794e+00	-2.8707e+00	-5.9126e-01	0.0000e+00	0.0000e+00
4.6104e+00	4.5794e+00	1.0479e-01	-2.8334e-02	0.0000e+00	0.0000e+00
4.8280e+00	4.5794e+00	-7.9705e-02	8.6022e-02	0.0000e+00	0.0000e+00
5.0456e+00	4.5794e+00	-1.9030e-01	1.1226e-01	0.0000e+00	0.0000e+00
5.2632e+00	4.5794e+00	4.4146e-02	-6.0665e-02	0.0000e+00	0.0000e+00
5.4807e+00	4.5794e+00	1.1799e-01	-2.2130e-01	0.0000e+00	0.0000e+00
5.6983e+00	4.5794e+00	5.5304e-02	-2.5044e-01	0.0000e+00	0.0000e+00
5.9159e+00	4.5794e+00	-6.8994e-03	-4.5008e-01	0.0000e+00	0.0000e+00
2.5901e-01	4.3618e+00	-2.9991e+00	-1.5658e-02	0.0000e+00	0.0000e+00
4.7659e-01	4.3618e+00	-3.1427e+00	-5.6446e-02	0.0000e+00	0.0000e+00
6.9416e-01	4.3618e+00	-3.3127e+00	-1.0964e-01	0.0000e+00	0.0000e+00
9.1173e-01	4.3618e+00	-3.4816e+00	-2.5038e-01	0.0000e+00	0.0000e+00
1.1293e+00	4.3618e+00	-3.9144e+00	-5.3232e-01	0.0000e+00	0.0000e+00
1.3469e+00	4.3618e+00	-3.9111e+00	-5.7896e-01	0.0000e+00	0.0000e+00
1.5644e+00	4.3618e+00	-4.0434e+00	-6.0561e-01	0.0000e+00	0.0000e+00
1.7820e+00	4.3618e+00	-4.1502e+00	-5.8448e-01	0.0000e+00	0.0000e+00
1.9996e+00	4.3618e+00	-4.3111e+00	-7.1300e-01	0.0000e+00	0.0000e+00
2.2172e+00	4.3618e+00	-4.1058e+00	-4.0888e-01	1.0000e+00	0.0000e+00
2.4347e+00	4.3618e+00	-4.5812e+00	-6.8099e-01	0.0000e+00	0.0000e+00
2.6523e+00	4.3618e+00	-4.6282e+00	-6.3587e-01	0.0000e+00	0.0000e+00
2.8699e+00	4.3618e+00	3.7666e+00	-7.7445e+00	0.0000e+00	0.0000e+00
3.0874e+00	4.3618e+00	-4.7203e+00	-4.4687e-01	0.0000e+00	0.0000e+00
3.3050e+00	4.3618e+00	-1.4477e+00	-4.3083e-01	0.0000e+00	0.0000e+00
3.5226e+00	4.3618e+00	-1.5407e+00	-4.2862e-01	0.0000e+00	0.0000e+00
3.7402e+00	4.3618e+00	-5.5497e-01	-1.0423e-01	0.0000e+00	0.0000e+00
3.9577e+00	4.3618e+00	-3.9411e-01	-1.4385e-01	0.0000e+00	0.0000e+00
4.1753e+00	4.3618e+00	-2.2591e-01	-1.6051e-01	0.0000e+00	0.0000e+00
4.3929e+00	4.3618e+00	-1.0830e+00	-1.9299e-01	1.0000e+00	0.0000e+00
4.6104e+00	4.3618e+00	2.1075e-01	-5.5621e-02	0.0000e+00	0.0000e+00
4.8280e+00	4.3618e+00	4.7429e-02	3.1960e-02	0.0000e+00	0.0000e+00
5.0456e+00	4.3618e+00	1.9871e-02	1.5004e-01	0.0000e+00	0.0000e+00
5.2632e+00	4.3618e+00	5.8042e-02	-2.1085e-02	0.0000e+00	0.0000e+00
5.4807e+00	4.3618e+00	5.9201e-02	-1.1500e-01	0.0000e+00	0.0000e+00
5.6983e+00	4.3618e+00	-5.3192e-02	-1.8806e-01	0.0000e+00	0.0000e+00
5.9159e+00	4.3618e+00	-3.4242e-02	-4.5417e-01	0.0000e+00	0.0000e+00
2.5901e-01	4.1442e+00	-2.9953e+00	2.6346e-03	0.0000e+00	0.0000e+00
4.7659e-01	4.1442e+00	-3.1026e+00	-3.5389e-02	0.0000e+00	0.0000e+00
6.9416e-01	4.1442e+00	-3.2778e+00	-7.1015e-02	0.0000e+00	0.0000e+00
9.1173e-01	4.1442e+00	-3.4536e+00	-1.4329e-01	0.0000e+00	0.0000e+00
1.1293e+00	4.1442e+00	-3.7290e+00	-3.2471e-01	0.0000e+00	0.0000e+00
1.3469e+00	4.1442e+00	-3.9193e+00	-3.8372e-01	0.0000e+00	0.0000e+00
1.5644e+00	4.1442e+00	-4.0497e+00	-4.5962e-01	0.0000e+00	0.0000e+00
1.7820e+00	4.1442e+00	-4.1059e+00	-4.4909e-01	0.0000e+00	0.0000e+00
1.9996e+00	4.1442e+00	-4.2928e+00	-4.6570e-01	0.0000e+00	0.0000e+00
2.2172e+00	4.1442e+00	-4.4274e+00	-4.4094e-01	0.0000e+00	0.0000e+00
2.4347e+00	4.1442e+00	-4.5620e+00	-6.0152e-01	0.0000e+00	0.0000e+00
2.6523e+00	4.1442e+00	-3.7883e+00	-3.4383e-01	1.0000e+00	0.0000e+00
2.8699e+00	4.1442e+00	-2.9996e-01	6.7871e+00	0.0000e+00	0.0000e+00
3.0874e+00	4.1442e+00	-4.7840e+00	-6.0068e-01	0.0000e+00	0.0000e+00
3.3050e+00	4.1442e+00	-1.4243e+00	-3.9138e-01	0.0000e+00	0.0000e+00
3.5226e+00	4.1442e+00	-1.4800e+00	-3.7502e-01	0.0000e+00	0.0000e+00
3.7402e+00	4.1442e+00	-5.8111e-01	-7.3045e-02	0.0000e+00	0.0000e+00
3.9577e+00	4.1442e+00	-3.9639e-01	-6.1048e-02	0.0000e+00	0.0000e+00
4.1753e+00	4.1442e+00	-1.7217e-01	-3.6211e-02	0.0000e+00	0.0000e+00
4.3929e+00	4.1442e+00	2.1926e-02	-5.4887e-02	0.0000e+00	0.0000e+00
4.6104e+00	4.1442e+00	3.0994e-04	-8.3064e-02	0.0000e+00	0.0000e+00
4.8280e+00	4.1442e+00	1.6199e-01	-3.1326e-02	0.0000e+00	0.0000e+00
5.0456e+00	4.1442e+00	2.3265e-01	3.7147e-02	0.0000e+00	0.0000e+00
5.2632e+00	4.1442e+00	5.0967e-02	-1.0148e-01	0.0000e+00	0.0000e+00
5.4807e+00	4.1442e+00	-1.4457e-02	-9.0005e-02	0.0000e+00	0.0000e+00
5.6983e+00	4.1442e+00	-2.2301e-02	-2.2977e-01	0.0000e+00	0.0000e+00
5.9159e+00	4.1442e+00	-6.1431e-02	-3.5765e-01	0.0000e+00	0.0000e+00
2.5901e-01	3.9266e+00	-2.9625e+00	-2.5505e-02	0.0000e+00	0.0000e+00
4.7659e-01	3.9266e+00	-3.0588e+00	-5.1995e-02	0.0000e+00	0.0000e+00
6.9416e-01	3.9266e+00	-3.1819e+00	-8.3676e-02	0.0000e+00	0.0000e+00
9.1173e-01	3.9266e+00	-3.3409e+00	-1.1628e-01	0.0000e+00	0.0000e+00
1.1293e+00	3.9266e+00	-3.5216e+00	-1.7970e-01	0.0000e+00	0.0000e+00
1.3469e+00	3.9266e+00	-3.8869e+00	-2.1300e-01	0.0000e+00	0.0000e+00
1.5644e+00	3.9266e+00	-4.0190e+00	-2.5708e-01	0.0000e+00	0.0000e+00
1.7820e+00	3.9266e+00	-4.0792e+00	-3.1735e-01	0.0000e+00	0.0000e+00
1.9996e+00	3.9266e+00	-4.2834e+00	-3.3187e-01	0.0000e+00	0.0000e+00
2.2172e+00	3.9266e+00	-4.4691e+00	-3.5244e-01	0.0000e+00	0.0000e+00
2.4347e+00	3.9266e+00	-4.5985e+00	-4.2904e-01	0.0000e+00	0.0000e+00
2.6523e+00	3.9266e+00	-4.6992e+00	-2.8716e-01	0.0000e+00	0.0000e+00
2.8699e+00	3.9266e+00	-4.9011e+00	-2.9643e-01	0.0000e+00	0.0000e+00
3.0874e+00	3.9266e+00	1.5776e+00	-3.5685e+00	0.0000e+00	0.0000e+00
3.3050e+00	3.9266e+00	-2.4858e+00	-1.2541e-01	0.0000e+00	0.0000e+00
3.5226e+00	3.9266e+00	-1.0579e+00	-6.0479e-02	0.0000e+00	0.0000e+00
3.7402e+00	3.9266e+00	-7.5897e-01	-7.4466e-03	0.0000e+00	0.0000e+00
3.9577e+00	3.9266e+00	-5.7935e-01	1.0445e-02	0.0000e+00	0.0000e+00
4.1753e+00	3.9266e+00	-3.5020e-01	3.1803e-02	0.0000e+00	0.0000e+00
4.3929e+00	3.9266e+00	-1.0674e-01	2.2891e-02	0.0000e+00	0.0000e+00
4.6104e+00	3.9266e+00	-1.0582e-01	-1.1505e-02	0.0000e+00	0.0000e+00
4.8280e+00	3.9266e+00	1.2336e-02	-7.9488e-03	0.0000e+00	0.0000e+00
5.0456e+00	3.9266e+00	6.2077e-02	-2.3930e-03	0.0000e+00	0.0000e+00
5.2632e+00	3.9266e+00	4.9844e-02	-8.1515e-02	0.0000e+00	0.0000e+00
5.4807e+00	3.9266e+00	3.0827e-02	-8.1387e-02	0.0000e+00	0.0000e+00
5.6983e+00	3.9266e+00	-2.2378e-02	-2.9342e-01	0.0000e+00	0.0000e+00
5.9159e+00	3.9266e+00	-2.7287e-02	-1.7953e-01	0.0000e+00	0.0000e+00
2.5901e-01	3.7091e+00	-2.9591e+00	-2.4981e-02	0.0000e+00	0.0000e+00
4.7659e-01	3.7091e+00	-3.0914e+00	-2.3493e-02	0.0000e+00	0.0000e+00
6.9416e-01	3.7091e+00	-3.1840e+00	-6.6897e-02	0.0000e+00	0.0000e+00
9.1173e-01	3.7091e+00	-3.3367e+00	-8.5632e-02	0.0000e+00	0.0000e+00
1.1293e+00	3.7091e+00	-3.4267e+00	-5.8309e-02	0.0000e+00	0.0000e+00
1.3469e+00	3.7091e+00	-3.8308e+00	-8.3415e-02	0.0000e+00	0.0000e+00
1.5644e+00	3.7091e+00	-3.9957e+00	-3.6341e-02	0.0000e+00	0.0000e+00
1.7820e+00	3.7091e+00	-4.1210e+00	-8.8399e-02	0.0000e+00	0.0000e+00
1.9996e+00	3.7091e+00	-4.3766e+00	-6.0881e-02	0.0000e+00	0.0000e+00
2.2172e+00	3.7091e+00	-4.4545e+00	-4.6087e-02	0.0000e+00	0.0000e+00
2.4347e+00	3.7091e+00	-4.7388e+00	-3.9561e-02	0.0000e+00	0.0000e+00
2.6523e+00	3.7091e+00	-4.7285e+00	-1.1814e-01	0.0000e+00	0.0000e+00
2.8699e+00	3.7091e+00	-4.8863e+00	-9.1966e-02	0.0000e+00	0.0000e+00
3.0874e+00	3.7091e+00	-2.7358e+00	-1.0179e-01	1.0000e+00	0.0000e+00
3.3050e+00	3.7091e+00	-2.3837e+00	-1.2926e-01	0.0000e+00	0.0000e+00
3.5226e+00	3.7091e+00	-1.1459e+00	6.3295e-02	0.0000e+00	0.0000e+00
3.7402e+00	3.7091e+00	-1.0228e+00	7.5944e-02	0.0000e+00	0.0000e+00
3.9577e+00	3.7091e+00	-6.1814e-01	6.7599e-02	0.0000e+00	0.0000e+00
4.1753e+00	3.7091e+00	-4.6960e-01	9.3513e-02	0.0000e+00	0.0000e+00
4.3929e+00	3.7091e+00	-1.8405e-01	9.1299e-02	0.0000e+00	0.0000e+00
4.6104e+00	3.7091e+00	-1.1102e-01	4.8634e-02	0.0000e+00	0.0000e+00
4.8280e+00	3.7091e+00	-5.1338e-03	-3.5079e-02	0.0000e+00	0.0000e+00
5.0456e+00	3.7091e+00	2.7006e-02	-5.2376e-02	0.0000e+00	0.0000e+00
5.2632e+00	3.7091e+00	1.2399e-01	-1.2503e-02	0.0000e+00	0.0000e+00
5.4807e+00	3.7091e+00	1.9774e-01	8.0204e-03	0.0000e+00	0.0000e+00
5.6983e+00	3.7091e+00	3.7414e-01	-8.2412e-02	0.0000e+00	0.0000e+00
5.9159e+00	3.7091e+00	2.1666e-01	-9.0659e-02	0.0000e+00	0.0000e+00
2.5901e-01	3.4915e+00	-2.9512e+00	-2.3698e-02	0.0000e+00	0.0000e+00
4.7659e-01	3.4915e+00	-3.0834e+00	9.6561e-04	0.0000e+00	0.0000e+00
6.9416e-01	3.4915e+00	-3.1749e+00	-2.1338e-04	0.0000e+00	0.0000e+00
9.1173e-01	3.4915e+00	-3.3820e+00	-1.2283e-02	0.0000e+00	0.0000e+00
1.1293e+00	3.4915e+00	-3.4531e+00	1.7864e-02	0.0000e+00	0.0000e+00
1.3469e+00	3.4915e+00	-3.8302e+00	2.2814e-02	0.0000e+00	0.0000e+00
1.5644e+00	3.4915e+00	-3.9723e+00	6.5596e-02	0.0000e+00	0.0000e+00
1.7820e+00	3.4915e+00	-4.1289e+00	8.7941e-02	0.0000e+00	0.0000e+00
1.9996e+00	3.4915e+00	-4.3284e+00	8.2182e-02	0.0000e+00	0.0000e+00
2.2172e+00	3.4915e+00	-4.4688e+00	1.2049e-01	0.0000e+00	0.0000e+00
2.4347e+00	3.4915e+00	-4.6237e+00	1.6130e-01	0.0000e+00	0.0000e+00
2.6523e+00	3.4915e+00	-4.8046e+00	1.9753e-01	0.0000e+00	0.0000e+00
2.8699e+00	3.4915e+00	-3.4304e+00	2.0302e-01	1.0000e+00	0.0000e+00
3.0874e+00	3.4915e+00	-4.5689e+00	1.7823e-01	0.0000e+00	0.0000e+00
3.3050e+00	3.4915e+00	-1.3378e+00	1.2815e-01	0.0000e+00	0.0000e+00
3.5226e+00	3.4915e+00	-1.2551e+00	1.5630e-01	0.0000e+00	0.0000e+00
3.7402e+00	3.4915e+00	-1.0030e+00	1.6775e-01	0.0000e+00	0.0000e+00
3.9577e+00	3.4915e+00	-6.2920e-01	1.6770e-01	0.0000e+00	0.0000e+00
4.1753e+00	3.4915e+00	-5.3600e-01	1.6476e-01	0.0000e+00	0.0000e+00
4.3929e+00	3.4915e+00	-3.2326e-01	2.0646e-01	0.0000e+00	0.0000e+00
4.6104e+00	3.4915e+00	-3.1730e-01	2.9911e-01	0.0000e+00	0.0000e+00
4.8280e+00	3.4915e+00	5.2086e-03	-6.4443e-02	0.0000e+00	0.0000e+00
5.0456e+00	3.4915e+00	3.5539e-02	-9.1354e-02	0.0000e+00	0.0000e+00
5.2632e+00	3.4915e+00	1.4907e-01	2.8190e-02	0.0000e+00	0.0000e+00
5.4807e+00	3.4915e+00	1.0001e-01	2.2939e-01	0.0000e+00	0.0000e+00
5.6983e+00	3.4915e+00	1.4252e-01	-1.0800e-01	0.0000e+00	0.0000e+00
5.9159e+00	3.4915e+00	7.3241e-02	-5.2719e-01	0.0000e+00	0.0000e+00
2.5901e-01	3.2739e+00	-3.0060e+00	2.7985e-02	0.0000e+00	0.0000e+00
4.7659e-01	3.2739e+00	-3.0771e+00	3.1310e-02	0.0000e+00	0.0000e+00
6.9416e-01	3.2739e+00	-3.1717e+00	6.5932e-02	0.0000e+00	0.0000e+00
9.1173e-01	3.2739e+00	-3.4025e+00	1.0916e-01	0.0000e+00	0.0000e+00
1.1293e+00	3.2739e+00	-3.5282e+00	1.4875e-01	0.0000e+00	0.0000e+00
1.3469e+00	3.2739e+00	-3.7228e+00	1.8076e-01	0.0000e+00	0.0000e+00
1.5644e+00	3.2739e+00	-3.9991e+00	3.2349e-01	0.0000e+00	0.0000e+00
1.7820e+00	3.2739e+00	-4.2042e+00	3.4789e-01	0.0000e+00	0.0000e+00
1.9996e+00	3.2739e+00	-4.3782e+00	3.2359e-01	0.0000e+00	0.0000e+00
2.2172e+00	3.2739e+00	-4.4559e+00	3.6992e-01	0.0000e+00	0.0000e+00
2.4347e+00	3.2739e+00	-4.4956e+00	3.3831e-01	0.0000e+00	0.0000e+00
2.6523e+00	3.2739e+00	-4.7633e+00	5.0703e-01	0.0000e+00	0.0000e+00
2.8699e+00	3.2739e+00	-4.7360e+00	3.7694e-01	0.0000e+00	0.0000e+00
3.0874e+00	3.2739e+00	-4.5608e+00	4.1551e-01	0.0000e+00	0.0000e+00
3.3050e+00	3.2739e+00	-1.3221e+00	1.9278e-01	0.0000e+00	0.0000e+00
3.5226e+00	3.2739e+00	-1.3226e+00	1.9770e-01	0.0000e+00	0.0000e+00
3.7402e+00	3.2739e+00	-8.2804e-01	2.0313e-01	0.0000e+00	0.0000e+00
3.9577e+00	3.2739e+00	-6.5652e-01	1.8069e-01	0.0000e+00	0.0000e+00
4.1753e+00	3.2739e+00	-5.3551e-01	2.3102e-01	0.0000e+00	0.0000e+00
4.3929e+00	3.2739e+00	-4.8817e-01	2.9793e-01	0.0000e+00	0.0000e+00
4.6104e+00	3.2739e+00	-4.0689e-01	3.2227e-01	0.0000e+00	0.0000e+00
4.8280e+00	3.2739e+00	-3.1233e-01	1.2056e-01	0.0000e+00	0.0000e+00
5.0456e+00	3.2739e+00	-2.9294e-01	-1.3618e-01	0.0000e+00	0.0000e+00
5.2632e+00	3.2739e+00	-2.8016e-01	-1.0520e-01	0.0000e+00	0.0000e+00
5.4807e+00	3.2739e+00	-5.1208e-03	3.0148e-01	0.0000e+00	0.0000e+00
5.6983e+00	3.2739e+00	-1.3836e-02	-2.5229e-01	0.0000e+00	0.0000e+00
5.9159e+00	3.2739e+00	1.2114e-01	-3.2485e-01	0.0000e+00	0.0000e+00
2.5901e-01	3.0564e+00	-2.9916e+00	3.2649e-02	0.0000e+00	0.0000e+00
4.7659e-01	3.0564e+00	-3.0534e+00	3.6270e-02	0.0000e+00	0.0000e+00
6.9416e-01	3.0564e+00	-3.2067e+00	1.1904e-01	0.0000e+00	0.0000e+00
9.1173e-01	3.0564e+00	-3.3644e+00	1.2014e-01	0.0000e+00	0.0000e+00
1.1293e+00	3.0564e+00	-3.6886e+00	2.9185e-01	1.0000e+00	0.0000e+00
1.3469e+00	3.0564e+00	-3.7260e+00	3.2792e-01	0.0000e+00	0.0000e+00
1.5644e+00	3.0564e+00	-4.0560e+00	4.6961e-01	0.0000e+00	0.0000e+00
1.7820e+00	3.0564e+00	-4.2024e+00	5.1183e-01	0.0000e+00	0.0000e+00
1.9996e+00	3.0564e+00	-4.2957e+00	5.4662e-01	0.0000e+00	0.0000e+00
2.2172e+00	3.0564e+00	-4.5254e+00	5.8937e-01	0.0000e+00	0.0000e+00
2.4347e+00	3.0564e+00	-4.6184e+00	5.8853e-01	0.0000e+00	0.0000e+00
2.6523e+00	3.0564e+00	-4.6396e+00	6.4881e-01	0.0000e+00	0.0000e+00
2.8699e+00	3.0564e+00	-4.2989e+00	-2.7088e-02	0.0000e+00	0.0000e+00
3.0874e+00	3.0564e+00	-4.5435e+00	5.6664e-01	0.0000e+00	0.0000e+00
3.3050e+00	3.0564e+00	-9.6840e-01	3.7772e-01	0.0000e+00	0.0000e+00
3.5226e+00	3.0564e+00	-9.4564e-01	3.3541e-01	0.0000e+00	0.0000e+00
3.7402e+00	3.0564e+00	-1.9002e+00	2.7988e-01	1.0000e+00	0.0000e+00
3.9577e+00	3.0564e+00	-5.8178e-01	1.9367e-01	0.0000e+00	0.0000e+00
4.1753e+00	3.0564e+00	-4.4339e-01	2.5380e-01	0.0000e+00	0.0000e+00
4.3929e+00	3.0564e+00	-4.6848e-01	3.0445e-01	0.0000e+00	0.0000e+00
4.6104e+00	3.0564e+00	-3.7907e-01	2.8947e-01	0.0000e+00	0.0000e+00
4.8280e+00	3.0564e+00	-2.3982e-01	-3.9302e-02	0.0000e+00	0.0000e+00
5.0456e+00	3.0564e+00	-2.2482e-01	-1.7049e-01	0.0000e+00	0.0000e+00
5.2632e+00	3.0564e+00	-2.1298e-01	-4.8152e-02	1.0000e+00	0.0000e+00
5.4807e+00	3.0564e+00	2.6426e-02	3.7575e-02	0.0000e+00	0.0000e+00
5.6983e+00	3.0564e+00	6.4729e-02	-8.5047e-02	0.0000e+00	0.0000e+00
5.9159e+00	3.0564e+00	2.1949e-01	-2.7254e-01	0.0000e+00	0.0000e+00
2.5901e-01	2.8388e+00	-3.0455e+00	3.5954e-02	0.0000e+00	0.0000e+00
4.7659e-01	2.8388e+00	-3.1049e+00	6.2681e-02	0.0000e+00	0.0000e+00
6.9416e-01	2.8388e+00	-3.3039e+00	1.6673e-01	0.0000e+00	0.0000e+00
9.1173e-01	2.8388e+00	-3.5985e+00	3.4775e-01	1.0000e+00	0.0000e+00
1.1293e+00	2.8388e+00	-3.7504e+00	4.2453e-01	0.0000e+00	0.0000e+00
1.3469e+00	2.8388e+00	-3.9632e+00	6.1371e-01	0.0000e+00	0.0000e+00
1.5644e+00	2.8388e+00	-4.0700e+00	6.4316e-01	0.0000e+00	0.0000e+00
1.7820e+00	2.8388e+00	-4.2415e+00	6.9614e-01	0.0000e+00	0.0000e+00
1.9996e+00	2.8388e+00	-4.4635e+00	7.6350e-01	0.0000e+00	0.0000e+00
2.2172e+00	2.8388e+00	-4.6514e+00	9.5363e-01	0.0000e+00	0.0000e+00
2.4347e+00	2.8388e+00	-4.6430e+00	8.3648e-01	0.0000e+00	0.0000e+00
2.6523e+00	2.8388e+00	-4.6189e+00	7.0659e-01	0.0000e+00	0.0000e+00
2.8699e+00	2.8388e+00	-4.7884e+00	5.9430e-01	0.0000e+00	0.0000e+00
3.0874e+00	2.8388e+00	-4.3358e+00	6.1056e-01	0.0000e+00	0.0000e+00
3.3050e+00	2.8388e+00	-3.0112e+00	7.7850e-01	0.0000e+00	0.0000e+00
3.5226e+00	2.8388e+00	-8.8001e-01	3.9927e-01	0.0000e+00	0.0000e+00
3.7402e+00	2.8388e+00	-9.3600e-01	3.5028e-01	0.0000e+00	0.0000e+00
3.9577e+00	2.8388e+00	-8.1120e-01	2.6924e-01	0.0000e+00	0.0000e+00
4.1753e+00	2.8388e+00	-5.1497e-01	2.4126e-01	0.0000e+00	0.0000e+00
4.3929e+00	2.8388e+00	-4.3756e-01	2.8437e-01	0.0000e+00	0.0000e+00
4.6104e+00	2.8388e+00	-3.1354e-01	4.3775e-01	0.0000e+00	0.0000e+00
4.8280e+00	2.8388e+00	-1.1349e-01	1.2958e-01	0.0000e+00	0.0000e+00
5.0456e+00	2.8388e+00	5.0554e-02	-3.0799e-01	0.0000e+00	0.0000e+00
5.2632e+00	2.8388e+00	2.4323e-01	-1.1488e-02	0.0000e+00	0.0000e+00
5.4807e+00	2.8388e+00	2.7810e-01	-1.6329e-01	0.0000e+00	0.0000e+00
5.6983e+00	2.8388e+00	3.2144e-01	-7.1890e-02	0.0000e+00	0.0000e+00
5.9159e+00	2.8388e+00	1.9824e-01	-9.8620e-01	0.0000e+00	0.0000e+00
2.5901e-01	2.6212e+00	-3.0911e+00	5.2107e-02	0.0000e+00	0.0000e+00
4.7659e-01	2.6212e+00	-3.2287e+00	1.0931e-01	0.0000e+00	0.0000e+00
6.9416e-01	2.6212e+00	-3.5491e+00	3.4705e-01	0.0000e+00	0.0000e+00
9.1173e-01	2.6212e+00	-3.7170e+00	4.8695e-01	0.0000e+00	0.0000e+00
1.1293e+00	2.6212e+00	-3.7953e+00	6.2824e-01	0.0000e+00	0.0000e+00
1.3469e+00	2.6212e+00	-4.1510e+00	8.1000e-01	0.0000e+00	0.0000e+00
1.5644e+00	2.6212e+00	-4.2017e+00	8.0841e-01	0.0000e+00	0.0000e+00
1.7820e+00	2.6212e+00	-4.3004e+00	8.6647e-01	0.0000e+00	0.0000e+00
1.9996e+00	2.6212e+00	-4.4860e+00	8.4295e-01	0.0000e+00	0.0000e+00
2.2172e+00	2.6212e+00	-4.4877e+00	6.5656e-01	0.0000e+00	0.0000e+00
2.4347e+00	2.6212e+00	-4.5569e+00	6.8834e-01	0.0000e+00	0.0000e+00
2.6523e+00	2.6212e+00	-4.5923e+00	6.4896e-01	0.0000e+00	0.0000e+00
2.8699e+00	2.6212e+00	-3.8986e+00	3.4451e-01	1.0000e+00	0.0000e+00
3.0874e+00	2.6212e+00	-4.6445e+00	-1.1804e-01	0.0000e+00	0.0000e+00
3.3050e+00	2.6212e+00	-3.2622e+00	2.8700e-01	1.0000e+00	0.0000e+00
3.5226e+00	2.6212e+00	-3.5342e+00	4.8293e-01	0.0000e+00	0.0000e+00
3.7402e+00	2.6212e+00	-1.1527e+00	5.7331e-01	0.0000e+00	0.0000e+00
3.9577e+00	2.6212e+00	-2.9823e+00	5.9732e-01	0.0000e+00	0.0000e+00
4.1753e+00	2.6212e+00	-2.8553e+00	5.2122e-01	0.0000e+00	0.0000e+00
4.3929e+00	2.6212e+00	-2.8470e+00	5.2869e-01	0.0000e+00	0.0000e+00
4.6104e+00	2.6212e+00	-5.7025e-01	4.7225e-01	0.0000e+00	0.0000e+00
4.8280e+00	2.6212e+00	-4.2624e-01	1.7386e-01	0.0000e+00	0.0000e+00
5.0456e+00	2.6212e+00	-8.3244e-02	-4.7012e-01	0.0000e+00	0.0000e+00
5.2632e+00	2.6212e+00	3.0797e-02	-9.4475e-02	0.0000e+00	0.0000e+00
5.4807e+00	2.6212e+00	3.1305e-01	-4.7331e-01	0.0000e+00	0.0000e+00
5.6983e+00	2.6212e+00	8.1760e-02	-9.3119e-01	0.0000e+00	0.0000e+00
5.9159e+00	2.6212e+00	-1.3868e-02	-1.1121e+00	0.0000e+00	0.0000e+00
2.5901e-01	2.4036e+00	-3.1582e+00	1.0903e-01	0.0000e+00	0.0000e+00
4.7659e-01	2.4036e+00	-3.2274e+00	1.0078e-01	0.0000e+00	0.0000e+00
6.9416e-01	2.4036e+00	-3.7089e+00	5.6612e-01	0.0000e+00	0.0000e+00
9.1173e-01	2.4036e+00	-3.6815e+00	5.8271e-01	0.0000e+00	0.0000e+00
1.1293e+00	2.4036e+00	-4.0645e+00	8.2471e-01	0.0000e+00	0.0000e+00
1.3469e+00	2.4036e+00	-4.1326e+00	8.4603e-01	0.0000e+00	0.0000e+00
1.5644e+00	2.4036e+00	-4.2365e+00	7.7957e-01	0.0000e+00	0.0000e+00
1.7820e+00	2.4036e+00	-4.2998e+00	7.6549e-01	0.0000e+00	0.0000e+00
1.9996e+00	2.4036e+00	-4.3533e+00	5.6201e-01	0.0000e+00	0.0000e+00
2.2172e+00	2.4036e+00	-4.3659e+00	5.9228e-01	0.0000e+00	0.0000e+00
2.4347e+00	2.4036e+00	-4.4377e+00	3.8274e-01	0.0000e+00	0.0000e+00
2.6523e+00	2.4036e+00	-4.4194e+00	1.8978e-01	0.0000e+00	0.0000e+00
2.8699e+00	2.4036e+00	-4.4163e+00	9.7106e-02	0.0000e+00	0.0000e+00
3.0874e+00	2.4036e+00	-4.5131e+00	7.7146e-03	0.0000e+00	0.0000e+00
3.3050e+00	2.4036e+00	-3.3369e+00	2.5325e-01	1.0000e+00	0.0000e+00
3.5226e+00	2.4036e+00	-3.0570e+00	2.6675e-01	1.0000e+00	0.0000e+00
3.7402e+00	2.4036e+00	-3.0312e+00	4.7075e-01	0.0000e+00	0.0000e+00
3.9577e+00	2.4036e+00	-3.0567e+00	5.0798e-01	0.0000e+00	0.0000e+00
4.1753e+00	2.4036e+00	-3.0649e+00	5.0639e-01	0.0000e+00	0.0000e+00
4.3929e+00	2.4036e+00	-3.0901e+00	5.3022e-01	0.0000e+00	0.0000e+00
4.6104e+00	2.4036e+00	-3.1046e+00	9.1404e-01	0.0000e+00	0.0000e+00
4.8280e+00	2.4036e+00	-3.1165e+00	1.1574e+00	0.0000e+00	0.0000e+00
5.0456e+00	2.4036e+00	-2.5311e+00	9.4423e-01	0.0000e+00	0.0000e+00
5.2632e+00	2.4036e+00	-8.2191e-01	1.9923e-01	1.0000e+00	0.0000e+00
5.4807e+00	2.4036e+00	-2.0600e-01	-2.1033e-01	0.0000e+00	0.0000e+00
5.6983e+00	2.4036e+00	1.1735e-01	-5.1987e-01	0.0000e+00	0.0000e+00
5.9159e+00	2.4036e+00	1.3045e-01	-6.1212e-01	0.0000e+00	0.0000e+00
2.5901e-01	2.1861e+00	-3.4124e+00	3.9302e-01	0.0000e+00	0.0000e+00
4.7659e-01	2.1861e+00	-4.0141e+00	9.0414e-01	0.0000e+00	0.0000e+00
6.9416e-01	2.1861e+00	-3.9867e+00	8.8748e-01	0.0000e+00	0.0000e+00
9.1173e-01	2.1861e+00	-4.0518e+00	8.7812e-01	0.0000e+00	0.0000e+00
1.1293e+00	2.1861e+00	-4.0617e+00	8.3928e-01	0.0000e+00	0.0000e+00
1.3469e+00	2.1861e+00	-4.0159e+00	7.4701e-01	0.0000e+00	0.0000e+00
1.5644e+00	2.1861e+00	-4.1630e+00	6.8937e-01	0.0000e+00	0.0000e+00
1.7820e+00	2.1861e+00	-4.2162e+00	6.2322e-01	0.0000e+00	0.0000e+00
1.9996e+00	2.1861e+00	-4.2328e+00	5.1694e-01	0.0000e+00	0.0000e+00
2.2172e+00	2.1861e+00	-4.2993e+00	4.2323e-01	0.0000e+00	0.0000e+00
2.4347e+00	2.1861e+00	-4.3187e+00	2.7590e-01	0.0000e+00	0.0000e+00
2.6523e+00	2.1861e+00	-4.3070e+00	8.3803e-02	0.0000e+00	0.0000e+00
2.8699e+00	2.1861e+00	-4.3448e+00	7.4326e-02	0.0000e+00	0.0000e+00
3.0874e+00	2.1861e+00	-3.2809e+00	2.4570e-01	1.0000e+00	0.0000e+00
3.3050e+00	2.1861e+00	-4.3711e+00	-2.3286e-02	0.0000e+00	0.0000e+00
3.5226e+00	2.1861e+00	-4.2376e+00	-1.9849e-01	0.0000e+00	0.0000e+00
3.7402e+00	2.1861e+00	-3.9260e+00	1.6083e-03	0.0000e+00	0.0000e+00
3.9577e+00	2.1861e+00	-3.0770e+00	4.0370e-01	0.0000e+00	0.0000e+00
4.1753e+00	2.1861e+00	-3.1572e+00	4.4345e-01	0.0000e+00	0.0000e+00
4.3929e+00	2.1861e+00	-3.3448e+00	5.8311e-01	0.0000e+00	0.0000e+00
4.6104e+00	2.1861e+00	-3.3875e+00	8.6561e-01	0.0000e+00	0.0000e+00
4.8280e+00	2.1861e+00	-3.3569e+00	1.0432e+00	0.0000e+00	0.0000e+00
5.0456e+00	2.1861e+00	-2.8371e+00	9.6821e-01	0.0000e+00	0.0000e+00
5.2632e+00	2.1861e+00	-1.8929e+00	6.8660e-01	0.0000e+00	0.0000e+00
5.4807e+00	2.1861e+00	-1.4336e+00	4.5810e-01	0.0000e+00	0.0000e+00
5.6983e+00	2.1861e+00	7.5019e-02	1.6886e-02	0.0000e+00	0.0000e+00
5.9159e+00	2.1861e+00	3.5200e-01	-4.7305e-01	0.0000e+00	0.0000e+00
2.5901e-01	1.9685e+00	-3.9661e+00	1.1859e+00	0.0000e+00	0.0000e+00
4.7659e-01	1.9685e+00	-4.0192e+00	8.9231e-01	0.0000e+00	0.0000e+00
6.9416e-01	1.9685e+00	-4.0165e+00	8.9348e-01	0.0000e+00	0.0000e+00
9.1173e-01	1.9685e+00	-4.0912e+00	7.8693e-01	0.0000e+00	0.0000e+00
1.1293e+00	1.9685e+00	-4.0295e+00	7.4287e-01	0.0000e+00	0.0000e+00
1.3469e+00	1.9685e+00	-3.9870e+00	6.6356e-01	0.0000e+00	0.0000e+00
1.5644e+00	1.9685e+00	-4.1066e+00	5.6110e-01	0.0000e+00	0.0000e+00
1.7820e+00	1.9685e+00	-4.0689e+00	4.3212e-01	0.0000e+00	0.0000e+00
1.9996e+00	1.9685e+00	-2.9790e+00	2.8999e-01	1.0000e+00	0.0000e+00
2.2172e+00	1.9685e+00	-4.1317e+00	3.3132e-01	0.0000e+00	0.0000e+00
2.4347e+00	1.9685e+00	-3.0771e+00	1.7964e-01	1.0000e+00	0.0000e+00
2.6523e+00	1.9685e+00	-4.1396e+00	-1.7740e-02	0.0000e+00	0.0000e+00
2.8699e+00	1.9685e+00	-4.1453e+00	5.8338e-02	0.0000e+00	0.0000e+00
3.0874e+00	1.9685e+00	-4.2453e+00	3.6082e-03	0.0000e+00	0.0000e+00
3.3050e+00	1.9685e+00	-4.2443e+00	2.6993e-02	0.0000e+00	0.0000e+00
3.5226e+00	1.9685e+00	-2.5976e+00	2.1794e-01	1.0000e+00	0.0000e+00
3.7402e+00	1.9685e+00	-3.9796e+00	-1.0011e-01	0.0000e+00	0.0000e+00
3.9577e+00	1.9685e+00	-3.1953e+00	4.5792e-01	0.0000e+00	0.0000e+00
4.1753e+00	1.9685e+00	-3.4158e+00	4.9412e-01	0.0000e+00	0.0000e+00
4.3929e+00	1.9685e+00	-3.5676e+00	6.0716e-01	0.0000e+00	0.0000e+00
4.6104e+00	1.9685e+00	-3.6091e+00	6.8152e-01	0.0000e+00	0.0000e+00
4.8280e+00	1.9685e+00	-3.3973e+00	9.1528e-01	0.0000e+00	0.0000e+00
5.0456e+00	1.9685e+00	-3.0490e+00	1.0227e+00	0.0000e+00	0.0000e+00
5.2632e+00	1.9685e+00	1.5189e+00	-2.7108e+00	0.0000e+00	0.0000e+00
5.4807e+00	1.9685e+00	-1.3978e+00	9.9478e-01	0.0000e+00	0.0000e+00
5.6983e+00	1.9685e+00	3.4117e-01	7.8162e-02	0.0000e+00	0.0000e+00
5.9159e+00	1.9685e+00	4.4625e-01	-4.6741e-02	0.0000e+00	0.0000e+00
2.5901e-01	1.7509e+00	6.4218e-02	-2.0652e-01	0.0000e+00	0.0000e+00
4.7659e-01	1.7509e+00	-1.9578e-01	-1.5445e-01	0.0000e+00	0.0000e+00
6.9416e-01	1.7509e+00	-2.5275e-01	-1.5226e-01	0.0000e+00	0.0000e+00
9.1173e-01	1.7509e+00	-3.2576e-02	-1.7330e-01	0.0000e+00	0.0000e+00
1.1293e+00	1.7509e+00	-2.1484e+00	8.8364e-02	1.0000e+00	0.0000e+00
1.3469e+00	1.7509e+00	-2.2332e+00	9.0053e-02	1.0000e+00	0.0000e+00
1.5644e+00	1.7509e+00	-2.3491e+00	8.3927e-02	1.0000e+00	0.0000e+00
1.7820e+00	1.7509e+00	-3.8294e+00	3.3573e-01	0.0000e+00	0.0000e+00
1.9996e+00	1.7509e+00	-3.9920e+00	3.1827e-01	0.0000e+00	0.0000e+00
2.2172e+00	1.7509e+00	-3.9744e+00	2.3236e-01	0.0000e+00	0.0000e+00
2.4347e+00	1.7509e+00	-3.8425e+00	1.4253e-01	0.0000e+00	0.0000e+00
2.6523e+00	1.7509e+00	-3.9821e+00	6.1135e-02	0.0000e+00	0.0000e+00
2.8699e+00	1.7509e+00	-3.6028e+00	-2.5589e-01	0.0000e+00	0.0000e+00
3.0874e+00	1.7509e+00	-2.2924e+00	6.3781e-02	1.0000e+00	0.0000e+00
3.3050e+00	1.7509e+00	-4.0472e+00	3.4577e-01	0.0000e+00	0.0000e+00
3.5226e+00	1.7509e+00	-3.4573e+00	2.9465e-01	0.0000e+00	0.0000e+00
3.7402e+00	1.7509e+00	-3.5784e+00	-2.2479e-01	0.0000e+00	0.0000e+00
3.9577e+00	1.7509e+00	-8.8342e-01	1.6194e-01	0.0000e+00	0.0000e+00
4.1753e+00	1.7509e+00	-3.5355e+00	5.2238e-01	0.0000e+00	0.0000e+00
4.3929e+00	1.7509e+00	-3.4742e+00	5.9379e-01	0.0000e+00	0.0000e+00
4.6104e+00	1.7509e+00	-3.6178e+00	6.5061e-01	0.0000e+00	0.0000e+00
4.8280e+00	1.7509e+00	-1.8701e+00	6.8624e-01	1.0000e+00	0.0000e+00
5.0456e+00	1.7509e+00	-2.9971e+00	1.0850e+00	0.0000e+00	0.0000e+00
5.2632e+00	1.7509e+00	1.5474e+00	1.2506e+00	0.0000e+00	0.0000e+00
5.4807e+00	1.7509e+00	-9.5966e-01	1.1059e+00	0.0000e+00	0.0000e+00
5.6983e+00	1.7509e+00	-4.1237e-01	9.6618e-01	0.0000e+00	0.0000e+00
5.9159e+00	1.7509e+00	5.1437e-02	1.3462e+00	0.0000e+00	0.0000e+00
2.5901e-01	1.5334e+00	-4.5753e-02	-1.2447e-01	0.0000e+00	0.0000e+00
4.7659e-01	1.5334e+00	-4.5231e-02	-2.3078e-01	0.0000e+00	0.0000e+00
6.9416e-01	1.5334e+00	-2.6512e-02	-1.9338e-01	0.0000e+00	0.0000e+00
9.1173e-01	1.5334e+00	-2.1493e-02	-1.8118e-01	0.0000e+00	0.0000e+00
1.1293e+00	1.5334e+00	-1.1088e-01	-1.3480e-01	0.0000e+00	0.0000e+00
1.3469e+00	1.5334e+00	-7.7016e-02	-7.7578e-02	0.0000e+00	0.0000e+00
1.5644e+00	1.5334e+00	-7.8533e-02	-1.8312e-01	0.0000e+00	0.0000e+00
1.7820e+00	1.5334e+00	-4.9410e-02	-1.8022e-01	0.0000e+00	0.0000e+00
1.9996e+00	1.5334e+00	-9.5048e-02	-1.7919e-01	0.0000e+00	0.0000e+00
2.2172e+00	1.5334e+00	-1.7989e+00	2.3399e-02	1.0000e+00	0.0000e+00
2.4347e+00	1.5334e+00	-1.8095e+00	6.1685e-03	1.0000e+00	0.0000e+00
2.6523e+00	1.5334e+00	-1.4466e-01	-3.8286e-01	0.0000e+00	0.0000e+00
2.8699e+00	1.5334e+00	-1.7587e+00	3.5449e-02	1.0000e+00	0.0000e+00
3.0874e+00	1.5334e+00	-1.7327e+00	2.1081e-02	1.0000e+00	0.0000e+00
3.3050e+00	1.5334e+00	4.2477e+00	1.9917e+00	0.0000e+00	0.0000e+00
3.5226e+00	1.5334e+00	-1.6292e+00	1.1028e-01	1.0000e+00	0.0000e+00
3.7402e+00	1.5334e+00	-1.6368e+00	1.8731e-01	1.0000e+00	0.0000e+00
3.9577e+00	1.5334e+00	-8.6728e-01	1.6214e-01	0.0000e+00	0.0000e+00
4.1753e+00	1.5334e+00	-8.8249e-01	2.0206e-01	0.0000e+00	0.0000e+00
4.3929e+00	1.5334e+00	-3.0405e+00	8.7558e-01	0.0000e+00	0.0000e+00
4.6104e+00	1.5334e+00	-2.1535e+00	4.0121e-01	0.0000e+00	0.0000e+00
4.8280e+00	1.5334e+00	-2.1267e+00	5.4401e-01	0.0000e+00	0.0000e+00
5.0456e+00	1.5334e+00	-2.6391e+00	7.0224e-01	0.0000e+00	0.0000e+00
5.2632e+00	1.5334e+00	-1.0706e+00	8.7901e-01	1.0000e+00	0.0000e+00
5.4807e+00	1.5334e+00	-3.1474e-01	1.0738e+00	0.0000e+00	0.0000e+00
5.6983e+00	1.5334e+00	-1.6369e-01	9.2654e-01	0.0000e+00	0.0000e+00
5.9159e+00	1.5334e+00	2.3116e-03	2.0287e-02	0.0000e+00	0.0000e+00
2.5901e-01	1.3158e+00	-4.9354e-02	-2.0397e-01	0.0000e+00	0.0000e+00
4.7659e-01	1.3158e+00	-4.8356e-02	-1.4530e-01	0.0000e+00	0.0000e+00
6.9416e-01	1.3158e+00	-9.3806e-01	-1.8143e-01	1.0000e+00	0.0000e+00
9.1173e-01	1.3158e+00	-7.5912e+00	-7.0919e+00	0.0000e+00	0.0000e+00
1.1293e+00	1.3158e+00	-9.4225e-02	-2.3122e-01	0.0000e+00	0.0000e+00
1.3469e+00	1.3158e+00	-1.2887e-01	-1.8949e-01	0.0000e+00	0.0000e+00
1.5644e+00	1.3158e+00	-6.3034e-02	-1.8556e-01	0.0000e+00	0.0000e+00
1.7820e+00	1.3158e+00	-5.7816e-02	-1.2526e-01	0.0000e+00	0.0000e+00
1.9996e+00	1.3158e+00	-1.0613e-01	-1.5397e-01	0.0000e+00	0.0000e+00
2.2172e+00	1.3158e+00	-1.2255e-01	-2.1001e-01	0.0000e+00	0.0000e+00
2.4347e+00	1.3158e+00	-6.6040e-02	-2.3241e-01	0.0000e+00	0.0000e+00
2.6523e+00	1.3158e+00	2.5979e-02	-2.4421e-01	0.0000e+00	0.0000e+00
2.8699e+00	1.3158e+00	8.0130e-02	-3.1013e-01	0.0000e+00	0.0000e+00
3.0874e+00	1.3158e+00	1.2926e-01	-1.8734e-01	0.0000e+00	0.0000e+00
3.3050e+00	1.3158e+00	-1.2372e+00	1.9295e-01	1.0000e+00	0.0000e+00
3.5226e+00	1.3158e+00	4.1451e-02	-2.9088e-02	0.0000e+00	0.0000e+00
3.7402e+00	1.3158e+00	7.1398e-03	-4.2690e-02	0.0000e+00	0.0000e+00
3.9577e+00	1.3158e+00	-8.0346e-02	1.2982e-01	0.0000e+00	0.0000e+00
4.1753e+00	1.3158e+00	-1.4631e+00	4.0651e-01	1.0000e+00	0.0000e+00
4.3929e+00	1.3158e+00	-3.7338e-01	1.5486e-01	0.0000e+00	0.0000e+00
4.6104e+00	1.3158e+00	-6.6986e-01	3.6430e-02	0.0000e+00	0.0000e+00
4.8280e+00	1.3158e+00	-2.0250e+00	1.1477e+00	0.0000e+00	0.0000e+00
5.0456e+00	1.3158e+00	-1.9862e+00	1.1213e+00	0.0000e+00	0.0000e+00
5.2632e+00	1.3158e+00	-8.5411e-01	9.2536e-01	1.0000e+00	0.0000e+00
5.4807e+00	1.3158e+00	-1.0889e+00	2.7361e+00	0.0000e+00	0.0000e+00
5.6983e+00	1.3158e+00	-6.8707e-01	2.3557e+00	0.0000e+00	0.0000e+00
5.9159e+00	1.3158e+00	-2.6962e-01	1.1328e+00	0.0000e+00	0.0000e+00
2.5901e-01	1.0982e+00	-2.1744e-02	-1.9678e-01	0.0000e+00	0.0000e+00
4.7659e-01	1.0982e+00	-5.8810e-02	-2.0249e-01	0.0000e+00	0.0000e+00
6.9416e-01	1.0982e+00	-7.1777e-02	-2.5991e-01	0.0000e+00	0.0000e+00
9.1173e-01	1.0982e+00	-3.7373e-01	-2.9862e-01	1.0000e+00	0.0000e+00
1.1293e+00	1.0982e+00	-3.5112e-02	-2.4250e-01	0.0000e+00	0.0000e+00
1.3469e+00	1.0982e+00	-3.8066e-02	-1.7414e-01	0.0000e+00	0.0000e+00
1.5644e+00	1.0982e+00	-8.6436e-02	-1.5293e-01	0.0000e+00	0.0000e+00
1.7820e+00	1.0982e+00	-7.6845e-02	-1.2382e-01	0.0000e+00	0.0000e+00
1.9996e+00	1.0982e+00	7.5763e-02	-1.3144e-01	0.0000e+00	0.0000e+00
2.2172e+00	1.0982e+00	-9.4695e-03	-1.3250e-01	0.0000e+00	0.0000e+00
2.4347e+00	1.0982e+00	3.6584e-04	-1.3116e-01	0.0000e+00	0.0000e+00
2.6523e+00	1.0982e+00	1.9634e-02	-2.2919e-01	0.0000e+00	0.0000e+00
2.8699e+00	1.0982e+00	2.2879e-02	-2.3060e-01	0.0000e+00	0.0000e+00
3.0874e+00	1.0982e+00	1.0980e-01	-1.5057e-01	0.0000e+00	0.0000e+00
3.3050e+00	1.0982e+00	8.1373e-02	-9.0840e-02	0.0000e+00	0.0000e+00
3.5226e+00	1.0982e+00	7.6138e-02	-3.7066e-02	0.0000e+00	0.0000e+00
3.7402e+00	1.0982e+00	7.1629e-02	-8.2698e-03	0.0000e+00	0.0000e+00
3.9577e+00	1.0982e+00	-3.7126e-02	7.3478e-02	0.0000e+00	0.0000e+00
4.1753e+00	1.0982e+00	-1.7419e-02	1.1840e-02	0.0000e+00	0.0000e+00
4.3929e+00	1.0982e+00	-1.7895e-01	5.2012e-02	0.0000e+00	0.0000e+00
4.6104e+00	1.0982e+00	-8.2404e-01	3.8174e-01	1.0000e+00	0.0000e+00
4.8280e+00	1.0982e+00	-3.3938e-01	2.5551e-01	0.0000e+00	0.0000e+00
5.0456e+00	1.0982e+00	-6.5235e-01	5.9366e-01	0.0000e+00	0.0000e+00
5.2632e+00	1.0982e+00	-7.2171e-01	1.0899e+00	1.0000e+00	0.0000e+00
5.4807e+00	1.0982e+00	-1.0518e+00	3.0499e+00	0.0000e+00	0.0000e+00
5.6983e+00	1.0982e+00	-4.7856e-01	2.1431e+00	0.0000e+00	0.0000e+00
5.9159e+00	1.0982e+00	-3.2386e-01	1.5512e+00	0.0000e+00	0.0000e+00
2.5901e-01	8.8065e-01	-3.5804e-02	-1.4706e-01	0.0000e+00	0.0000e+00
4.7659e-01	8.8065e-01	-7.4386e-02	-1.8026e-01	0.0000e+00	0.0000e+00
6.9416e-01	8.8065e-01	-1.7219e-01	-1.3770e-01	0.0000e+00	0.0000e+00
9.1173e-01	8.8065e-01	-1.2777e-01	-1.1449e-01	0.0000e+00	0.0000e+00
1.1293e+00	8.8065e-01	-1.7874e-03	-1.7466e-01	0.0000e+00	0.0000e+00
1.3469e+00	8.8065e-01	-1.8432e-02	-1.7987e-01	0.0000e+00	0.0000e+00
1.5644e+00	8.8065e-01	-4.8385e-02	-9.2049e-02	0.0000e+00	0.0000e+00
1.7820e+00	8.8065e-01	-4.7679e-02	-1.1071e-01	0.0000e+00	0.0000e+00
1.9996e+00	8.8065e-01	1.0131e-01	-1.3078e-01	0.0000e+00	0.0000e+00
2.2172e+00	8.8065e-01	6.9305e-03	-1.1663e-01	0.0000e+00	0.0000e+00
2.4347e+00	8.8065e-01	9.2872e-03	-1.0231e-01	0.0000e+00	0.0000e+00
2.6523e+00	8.8065e-01	1.5330e-02	-1.2289e-01	0.0000e+00	0.0000e+00
2.8699e+00	8.8065e-01	3.0518e-03	-1.5652e-01	0.0000e+00	0.0000e+00
3.0874e+00	8.8065e-01	9.0957e-03	-9.0678e-02	0.0000e+00	0.0000e+00
3.3050e+00	8.8065e-01	5.3120e-02	-7.8237e-02	0.0000e+00	0.0000e+00
3.5226e+00	8.8065e-01	6.0959e-02	1.0887e-01	0.0000e+00	0.0000e+00
3.7402e+00	8.8065e-01	-8.4730e-03	2.1725e-02	0.0000e+00	0.0000e+00
3.9577e+00	8.8065e-01	1.3179e-02	8.1598e-02	0.0000e+00	0.0000e+00
4.1753e+00	8.8065e-01	5.8743e-03	8.6745e-02	0.0000e+00	0.0000e+00
4.3929e+00	8.8065e-01	-4.5395e-02	1.0539e-01	0.0000e+00	0.0000e+00
4.6104e+00	8.8065e-01	-1.7001e-01	1.0068e-01	0.0000e+00	0.0000e+00
4.8280e+00	8.8065e-01	-2.6041e-01	1.0429e-01	0.0000e+00	0.0000e+00
5.0456e+00	8.8065e-01	-3.8145e-01	4.5619e-01	0.0000e+00	0.0000e+00
5.2632e+00	8.8065e-01	-2.2673e-01	4.7432e-01	0.0000e+00	0.0000e+00
5.4807e+00	8.8065e-01	-9.5190e-01	3.2799e+00	0.0000e+00	0.0000e+00
5.6983e+00	8.8065e-01	5.8876e-02	2.1486e+00	0.0000e+00	0.0000e+00
5.9159e+00	8.8065e-01	-1.7121e-01	1.8590e+00	0.0000e+00	0.0000e+00
2.5901e-01	6.6308e-01	-7.9389e-02	-1.7567e-01	0.0000e+00	0.0000e+00
4.7659e-01	6.6308e-01	-1.1874e-01	-2.2055e-01	0.0000e+00	0.0000e+00
6.9416e-01	6.6308e-01	-6.9060e-02	-1.5826e-01	0.0000e+00	0.0000e+00
9.1173e-01	6.6308e-01	-8.3915e-02	-1.5924e-01	0.0000e+00	0.0000e+00
1.1293e+00	6.6308e-01	9.1446e-03	-1.5337e-01	0.0000e+00	0.0000e+00
1.3469e+00	6.6308e-01	-1.5406e-02	-1.0184e-01	0.0000e+00	0.0000e+00
1.5644e+00	6.6308e-01	-3.0010e-02	-8.9050e-02	0.0000e+00	0.0000e+00
1.7820e+00	6.6308e-01	-4.8869e-02	-6.9009e-02	0.0000e+00	0.0000e+00
1.9996e+00	6.6308e-01	-2.2759e-02	-8.0412e-02	0.0000e+00	0.0000e+00
2.2172e+00	6.6308e-01	1.1197e-01	-8.4231e-02	0.0000e+00	0.0000e+00
2.4347e+00	6.6308e-01	3.4132e-02	-8.7255e-02	0.0000e+00	0.0000e+00
2.6523e+00	6.6308e-01	3.5481e-02	-7.1891e-02	0.0000e+00	0.0000e+00
2.8699e+00	6.6308e-01	5.4253e-02	-7.8404e-02	0.0000e+00	0.0000e+00
3.0874e+00	6.6308e-01	-1.5307e-02	-9.7043e-02	0.0000e+00	0.0000e+00
3.3050e+00	6.6308e-01	3.3705e-02	-7.2771e-02	0.0000e+00	0.0000e+00
3.5226e+00	6.6308e-01	-8.5967e+00	7.9295e+00	0.0000e+00	0.0000e+00
3.7402e+00	6.6308e-01	-1.4112e-02	1.8986e-02	0.0000e+00	0.0000e+00
3.9577e+00	6.6308e-01	-8.5436e-03	6.8433e-02	0.0000e+00	0.0000e+00
4.1753e+00	6.6308e-01	-4.5551e-02	1.0504e-01	0.0000e+00	0.0000e+00
4.3929e+00	6.6308e-01	5.9096e-03	1.1367e-01	0.0000e+00	0.0000e+00
4.6104e+00	6.6308e-01	-1.1126e-01	5.3861e-02	0.0000e+00	0.0000e+00
4.8280e+00	6.6308e-01	-2.0008e-01	8.2251e-02	0.0000e+00	0.0000e+00
5.0456e+00	6.6308e-01	-1.5104e-01	2.3485e-01	0.0000e+00	0.0000e+00
5.2632e+00	6.6308e-01	-2.4744e-01	6.7491e-01	0.0000e+00	0.0000e+00
5.4807e+00	6.6308e-01	-3.7564e-01	1.2031e+00	0.0000e+00	0.0000e+00
5.6983e+00	6.6308e-01	-5.0230e-01	1.5725e+00	1.0000e+00	0.0000e+00
5.9159e+00	6.6308e-01	-3.0216e-01	1.9757e+00	0.0000e+00	0.0000e+00
2.5901e-01	4.4550e-01	-8.0620e-02	-1.9370e-01	0.0000e+00	0.0000e+00
4.7659e-01	4.4550e-01	-1.1841e-01	-2.4526e-01	0.0000e+00	0.0000e+00
6.9416e-01	4.4550e-01	-9.6408e-02	-1.5651e-01	0.0000e+00	0.0000e+00
9.1173e-01	4.4550e-01	-3.0970e-02	-1.6406e-01	0.0000e+00	0.0000e+00
1.1293e+00	4.4550e-01	2.4121e-02	-1.9957e-01	0.0000e+00	0.0000e+00
1.3469e+00	4.4550e-01	5.8800e-03	-1.3506e-01	0.0000e+00	0.0000e+00
1.5644e+00	4.4550e-01	-2.0903e-02	-1.3937e-01	0.0000e+00	0.0000e+00
1.7820e+00	4.4550e-01	2.7871e-03	-7.5900e-02	0.0000e+00	0.0000e+00
1.9996e+00	4.4550e-01	1.0430e-02	-9.3027e-02	0.0000e+00	0.0000e+00
2.2172e+00	4.4550e-01	4.6320e-02	-8.5907e-02	0.0000e+00	0.0000e+00
2.4347e+00	4.4550e-01	4.6348e-02	-8.8994e-02	0.0000e+00	0.0000e+00
2.6523e+00	4.4550e-01	1.0405e-02	-9.0247e-02	0.0000e+00	0.0000e+00
2.8699e+00	4.4550e-01	-2.3891e-02	-2.0050e-02	0.0000e+00	0.0000e+00
3.0874e+00	4.4550e-01	2.3279e-02	-7.9183e-02	0.0000e+00	0.0000e+00
3.3050e+00	4.4550e-01	-2.3379e-03	-6.4578e-02	0.0000e+00	0.0000e+00
3.5226e+00	4.4550e-01	4.4888e-02	-7.1879e-02	0.0000e+00	0.0000e+00
3.7402e+00	4.4550e-01	4.6401e-02	-1.3200e-02	0.0000e+00	0.0000e+00
3.9577e+00	4.4550e-01	5.6560e-03	3.3199e-02	0.0000e+00	0.0000e+00
4.1753e+00	4.4550e-01	-8.5819e-02	5.3442e-02	0.0000e+00	0.0000e+00
4.3929e+00	4.4550e-01	-7.0866e-02	4.2713e-02	0.0000e+00	0.0000e+00
4.6104e+00	4.4550e-01	-1.2118e-01	6.5611e-02	0.0000e+00	0.0000e+00
4.8280e+00	4.4550e-01	-1.6879e-01	8.1235e-02	0.0000e+00	0.0000e+00
5.0456e+00	4.4550e-01	-8.1925e-02	8.4666e-02	0.0000e+00	0.0000e+00
5.2632e+00	4.4550e-01	-1.9306e-01	5.0432e-01	0.0000e+00	0.0000e+00
5.4807e+00	4.4550e-01	-3.3833e-01	9.6693e-01	0.0000e+00	0.0000e+00
5.6983e+00	4.4550e-01	-8.8039e-01	3.7193e+00	0.0000e+00	0.0000e+00
5.9159e+00	4.4550e-01	-8.7521e-01	3.5771e+00	0.0000e+00	0.0000e+00
2.5901e-01	2.2793e-01	-7.9064e-02	-1.9257e-01	0.0000e+00	0.0000e+00
4.7659e-01	2.2793e-01	-8.3982e-02	-2.0147e-01	0.0000e+00	0.0000e+00
6.9416e-01	2.2793e-01	-4.6770e-02	-1.5916e-01	0.0000e+00	0.0000e+00
9.1173e-01	2.2793e-01	4.2807e-02	-1.8100e-01	0.0000e+00	0.0000e+00
1.1293e+00	2.2793e-01	2.3335e-03	-1.4548e-01	0.0000e+00	0.0000e+00
1.3469e+00	2.2793e-01	-2.5183e-02	-1.2764e-01	1.0000e+00	0.0000e+00
1.5644e+00	2.2793e-01	1.1873e-03	-1.0724e-01	0.0000e+00	0.0000e+00
1.7820e+00	2.2793e-01	1.8572e-03	-6.8505e-02	0.0000e+00	0.0000e+00
1.9996e+00	2.2793e-01	-4.9032e-04	-7.0057e-02	0.0000e+00	0.0000e+00
2.2172e+00	2.2793e-01	2.1704e-02	-8.1113e-02	0.0000e+00	0.0000e+00
2.4347e+00	2.2793e-01	1.7153e-02	-8.7464e-02	1.0000e+00	0.0000e+00
2.6523e+00	2.2793e-01	9.6145e-03	-8.5875e-02	0.0000e+00	0.0000e+00
2.8699e+00	2.2793e-01	2.2235e-02	-7.2499e-02	0.0000e+00	0.0000e+00
3.0874e+00	2.2793e-01	4.6298e-02	-5.1404e-02	0.0000e+00	0.0000e+00
3.3050e+00	2.2793e-01	2.3856e-02	-2.0063e-02	0.0000e+00	0.0000e+00
3.5226e+00	2.2793e-01	-5.4911e-03	-2.3576e-02	0.0000e+00	0.0000e+00
3.7402e+00	2.2793e-01	-4.7151e-03	-2.6533e-03	0.0000e+00	0.0000e+00
3.9577e+00	2.2793e-01	-6.8351e-01	4.5412e-01	1.0000e+00	0.0000e+00
4.1753e+00	2.2793e-01	-9.1379e+00	3.5289e+00	0.0000e+00	0.0000e+00
4.3929e+00	2.2793e-01	-1.5728e-01	5.6681e-02	0.0000e+00	0.0000e+00
4.6104e+00	2.2793e-01	-1.6261e-01	3.3108e-02	0.0000e+00	0.0000e+00
4.8280e+00	2.2793e-01	-1.4077e-01	5.2689e-02	0.0000e+00	0.0000e+00
5.0456e+00	2.2793e-01	-1.3677e-01	9.1954e-02	0.0000e+00	0.0000e+00
5.2632e+00	2.2793e-01	-1.6425e-01	3.1764e-01	0.0000e+00	0.0000e+00
5.4807e+00	2.2793e-01	-1.8753e-01	5.0471e-01	0.0000e+00	0.0000e+00
5.6983e+00	2.2793e-01	-6.8964e-01	3.6606e+00	0.0000e+00	0.0000e+00
5.9159e+00	2.2793e-01	-2.2772e-01	3.1074e+00	0.0000e+00	0.0000e+00
